999
1000
1001
1002
1003
1004
1005
1006
1007
1008
1009
1010
1011
1012
1013
1014
1015
1016
1017
1018
1019
1020
1021
1022
1023
1024
1025
1026
1027
1028
1029
1030
1031
1032
1033
1034
1035
1036
1038
1039
1040
1041
1042
1043
1044
1045
1046
1047
1048
1049
1050
1051
1052
1053
1054
1055
1056
1057
1058
1059
1060
1061
1062
1063
1064
1065
1066
1999
2000
2002
2004
2005
2007
2009
2012
2015
2019
2022
2026
2028
2033
2034
2035
2038
2039
2041
2046
2050
2051
2052
2053
2058
2061
2063
2064
2066
2067
2071
2072
2074
2075
2078
2079
2080
2084
2087
2088
2091
2092
2094
2095
2096
2097
2098
2099
2100
2102
2104
2107
2108
2109
2110
2113
2114
2117
2121
2124
2125
2126
2128
2130
2131
2132
2135
2137
2139
2140
2145
2146
2147
2149
2151
2152
2154
2156
2157
2158
2162
2166
2170
2172
2174
2175
2180
2182
2187
2190
2192
2197
2200
2203
2204
2205
2208
2210
2213
2215
2217
2226
2227
2228
2229
2232
2239
2240
2241
2243
2245
2250
2265
2271
2272
2273
2275
2278
2290
2292
2293
2295
2298
2304
2305
2307
2310
2312
2317
2319
2323
2327
2330
2331
2332
2342
2346
2348
2350
2354
2358
2361
2362
2363
2368
2371
2373
2375
2377
2378
2389
2391
2393
2396
2400
2401
2407
2412
2417
2422
2428
2430
2431
2434
2438
2439
2440
2442
2444
2445
2446
2447
2448
2452
2453
2457
2460
2465
2469
2474
2475
2480
2482
2483
2485
2486
2487
2488
2489
2490
2497
2501
2502
2509
2511
2512
2514
2521
2522
2524
2527
2529
2532
2534
2540
2545
2546
2549
2551
2559
2560
2561
2566
2567
2568
2569
2571
2572
2575
2581
2582
2583
2590
2591
2592
2594
2595
2597
2598
2601
2602
2613
2614
2615
2617
2618
2620
2624
2625
2629
2632
2633
2638
2643
2645
2655
2659
2663
2664
2666
2667
2668
2669
2672
2674
2675
2682
2683
2692
2693
2695
2696
2702
2704
2705
2707
2715
2717
2718
2721
2723
2724
2729
2732
2738
2740
2743
2748
2750
2751
2755
2757
2759
2764
2767
2768
2771
2777
2779
2784
2785
2791
2793
2801
2811
2812
2813
2814
2818
2819
2821
2825
2842
2844
2850
2852
2854
2860
2862
2868
2869
2877
2878
2882
2884
2886
2890
2892
2896
2898
2903
2906
2911
2912
2916
2919
2923
2926
2938
2941
2942
2947
2953
2954
2964
2969
2972
2973
2980
2981
2986
2989
2991
2995
2996
3002
3007
3012
3013
3019
3022
3036
3037
3040
3043
3046
3048
3052
3054
3056
3062
3064
3066
3070
3078
3081
3082
3085
3089
3092
3100
3102
3103
3105
3109
3110
3111
3112
3114
3117
3122
3126
3132
3143
3144
3145
3147
3151
3153
3154
3158
3161
3168
3169
3170
3181
3193
3198
3201
3202
3207
3210
3217
3233
3238
3240
3241
3243
3246
3254
3255
3258
3262
3265
3266
3267
3270
3275
3278
3279
3283
3286
3287
3291
3294
3297
3298
3305
3308
3311
3327
3334
3335
3336
3338
3340
3347
3351
3363
3366
3367
3370
3372
3374
3375
3376
3377
3383
3385
3388
3389
3391
3393
3395
3396
3398
3401
3404
3406
3407
3410
3413
3422
3423
3424
3425
3432
3435
3436
3442
3446
3449
3459
3461
3462
3465
3466
3468
3471
3477
3480
3481
3489
3490
3492
3497
3499
3501
3508
3512
3517
3521
3527
3529
3531
3532
3537
3539
3540
3543
3549
3550
3560
3563
3565
3567
3568
3571
3576
3580
3581
3585
3593
3597
3599
3600
3606
3610
3619
3621
3622
3625
3630
3631
3639
3643
3647
3649
3652
3653
3654
3658
3665
3669
3670
3671
3672
3676
3678
3686
3689
3690
3695
3696
3697
3707
3709
3711
3712
3714
3716
3722
3723
3726
3730
3733
3736
3737
3747
3748
3754
3768
3771
3775
3778
3786
3791
3796
3800
3805
3809
3813
3819
3820
3827
3835
3841
3860
3862
3891
3893
3894
3899
3900
3904
3917
3928
3929
3932
3935
3937
3947
3949
3952
3959
3962
3968
3972
3973
3974
3975
3976
3979
3981
3986
3989
3993
3995
3997
4010
4011
4012
4013
4014
4017
4022
4025
4028
4030
4033
4038
4039
4040
4047
4048
4053
4055
4056
4059
4060
4063
4064
4067
4069
4071
4072
4078
4083
4086
4089
4094
4095
4099
4100
4103
4119
4121
4126
4135
4138
4140
4151
4154
4160
4164
4167
4168
4179
4180
4181
4183
4187
4189
4190
4198
4206
4209
4211
4215
4221
4226
4231
4232
4239
4241
4244
4246
4248
4251
4257
4259
4262
4263
4270
4276
4285
4292
4295
4297
4298
4299
4305
4310
4312
4313
4314
4315
4321
4326
4328
4329
4330
4334
4335
4336
4337
4342
4344
4349
4355
4365
4366
4371
4372
4375
4381
4382
4383
4386
4390
4401
4402
4408
4415
4438
4451
4452
4454
4456
4461
4468
4469
4470
4474
4476
4487
4488
4489
4495
4498
4502
4509
4510
4519
4523
4535
4544
4547
4550
4552
4553
4558
4559
4562
4569
4570
4576
4580
4588
4590
4591
4593
4600
4602
4607
4608
4609
4611
4621
4629
4630
4632
4635
4639
4648
4654
4661
4667
4668
4675
4678
4682
4687
4688
4689
4697
4699
4704
4707
4710
4714
4726
4735
4736
4737
4747
4748
4752
4756
4757
4763
4765
4768
4779
4783
4788
4791
4792
4795
4797
4800
4801
4808
4810
4817
4818
4821
4824
4827
4830
4832
4840
4842
4845
4847
4848
4850
4852
4854
4855
4859
4866
4867
4872
4874
4877
4887
4890
4892
4894
4895
4904
4906
4907
4914
4919
4920
4929
4930
4933
4937
4942
4945
4948
4958
4963
4974
4986
4997
5003
5004
5012
5016
5017
5024
5025
5038
5041
5051
5053
5056
5063
5081
5082
5092
5114
5121
5122
5130
5134
5136
5138
5142
5147
5149
5151
5157
5161
5164
5165
5172
5177
5178
5182
5186
5191
5192
5197
5199
5202
5204
5210
5213
5214
5220
5223
5236
5240
5243
5244
5262
5263
5280
5281
5285
5287
5289
5290
5292
5293
5294
5295
5300
5301
5302
5305
5311
5313
5319
5325
5328
5332
5335
5339
5341
5343
5346
5355
5356
5358
5360
5368
5369
5372
5376
5379
5390
5391
5394
5397
5400
5403
5409
5410
5415
5416
5422
5426
5430
5432
5435
5436
5438
5440
5442
5448
5450
5457
5458
5466
5469
5470
5473
5475
5476
5488
5490
5498
5506
5507
5509
5510
5519
5521
5525
5532
5533
5541
5544
5546
5549
5551
5554
5555
5558
5562
5566
5574
5580
5582
5596
5600
5603
5610
5611
5618
5621
5622
5627
5629
5630
5635
5638
5643
5644
5649
5654
5657
5658
5664
5665
5666
5667
5668
5669
5674
5676
5677
5679
5683
5684
5685
5686
5697
5698
5699
5705
5714
5729
5732
5737
5740
5743
5744
5754
5758
5760
5770
5776
5787
5788
5791
5793
5794
5805
5809
5810
5833
5844
5845
5848
5851
5856
5860
5861
5866
5867
5869
5870
5875
5886
5897
5905
5909
5910
5913
5915
5920
5926
5931
5936
5939
5949
5952
5956
5959
5963
5968
5972
5976
5981
5993
5996
5998
6011
6014
6015
6020
6024
6026
6030
6033
6034
6040
6047
6051
6057
6061
6071
6072
6073
6082
6086
6090
6091
6097
6099
6101
6112
6113
6114
6129
6132
6133
6139
6149
6150
6151
6155
6160
6162
6171
6172
6176
6178
6179
6180
6186
6187
6190
6196
6198
6199
6200
6203
6206
6215
6216
6217
6218
6224
6226
6232
6233
6234
6238
6245
6247
6256
6259
6260
6270
6271
6279
6289
6290
6292
6297
6298
6299
6300
6305
6308
6313
6314
6316
6321
6324
6334
6342
6344
6346
6355
6357
6359
6369
6371
6375
6383
6387
6389
6392
6397
6402
6413
6414
6418
6428
6429
6438
6440
6442
6447
6449
6450
6455
6464
6491
6494
6496
6499
6508
6517
6519
6524
6525
6528
6530
6531
6534
6536
6538
6540
6542
6547
6548
6551
6553
6555
6559
6562
6565
6569
6578
6579
6580
6581
6583
6588
6590
6592
6593
6600
6610
6614
6620
6625
6632
6633
6634
6635
6638
6648
6649
6651
6659
6666
6669
6684
6685
6689
6691
6692
6697
6699
6703
6704
6706
6707
6716
6724
6727
6728
6729
6730
6735
6739
6740
6742
6749
6752
6758
6761
6767
6770
6772
6774
6776
6777
6778
6781
6784
6787
6792
6801
6808
6810
6812
6814
6819
6820
6824
6826
6827
6832
6835
6841
6843
6854
6857
6859
6860
6873
6881
6887
6894
6895
6896
6900
6904
6905
6906
6911
6914
6916
6918
6919
6923
6924
6925
6935
6937
6945
6958
6970
6975
6976
6977
6978
6980
6985
7006
7011
7015
7023
7028
7036
7044
7050
7062
7065
7068
7069
7070
7071
7073
7076
7077
7078
7087
7088
7089
7092
7096
7098
7116
7132
7138
7140
7142
7143
7144
7151
7175
7178
7179
7182
7191
7192
7195
7199
7209
7211
7214
7216
7218
7221
7222
7226
7228
7229
7230
7231
7239
7245
7262
7263
7267
7272
7274
7275
7277
7279
7280
7292
7297
7301
7315
7324
7327
7339
7344
7345
7347
7349
7355
7357
7361
7363
7367
7368
7370
7373
7376
7378
7382
7384
7385
7386
7389
7392
7393
7394
7401
7404
7405
7406
7408
7413
7415
7416
7422
7423
7425
7438
7442
7444
7461
7474
7475
7476
7477
7478
7481
7487
7490
7491
7494
7496
7499
7501
7505
7512
7515
7520
7529
7537
7539
7542
7543
7559
7561
7563
7564
7568
7570
7574
7577
7580
7583
7590
7591
7593
7601
7603
7606
7615
7619
7620
7629
7630
7632
7634
7639
7652
7662
7666
7667
7669
7670
7674
7680
7685
7691
7692
7698
7699
7704
7708
7712
7713
7716
7721
7729
7736
7741
7743
7746
7747
7749
7755
7770
7775
7780
7782
7784
7790
7792
7801
7806
7810
7811
7812
7822
7823
7827
7828
7835
7840
7841
7842
7847
7848
7849
7857
7859
7861
7863
7865
7869
7874
7875
7878
7882
7895
7897
7902
7903
7913
7915
7916
7919
7927
7931
7933
7934
7939
7941
7946
7959
7962
7965
7966
7968
7971
7976
7977
7983
7985
7987
7989
7999
8004
8010
8011
8012
8016
8017
8022
8024
8025
8027
8028
8029
8038
8040
8041
8043
8046
8050
8052
8054
8056
8059
8060
8066
8067
8069
8075
8077
8081
8082
8090
8095
8100
8108
8111
8114
8115
8122
8134
8143
8144
8152
8155
8156
8159
8162
8163
8167
8172
8175
8179
8180
8183
8189
8190
8192
8197
8200
8202
8210
8211
8216
8228
8231
8235
8237
8242
8246
8251
8254
8257
8261
8270
8275
8276
8277
8285
8291
8292
8293
8294
8298
8301
8303
8306
8309
8313
8319
8320
8321
8335
8340
8343
8348
8360
8363
8364
8392
8398
8400
8401
8403
8404
8406
8407
8415
8424
8426
8428
8432
8438
8439
8444
8445
8447
8449
8450
8457
8458
8462
8467
8478
8479
8485
8486
8487
8488
8489
8490
8493
8494
8496
8499
8501
8502
8516
8523
8524
8525
8526
8528
8545
8549
8551
8552
8553
8554
8557
8562
8566
8568
8569
8571
8572
8576
8579
8583
8584
8585
8586
8591
8595
8598
8605
8606
8609
8616
8618
8622
8625
8626
8627
8630
8635
8639
8648
8649
8652
8658
8662
8663
8665
8669
8670
8671
8673
8680
8684
8686
8687
8688
8689
8695
8699
8701
8702
8706
8710
8713
8715
8718
8734
8737
8740
8741
8742
8743
8751
8757
8758
8760
8761
8767
8777
8780
8787
8790
8794
8796
8797
8813
8821
8835
8840
8841
8848
8866
8873
8884
8892
8902
8909
8915
8916
8918
8919
8939
8945
8949
8953
8954
8958
8980
8984
8987
8988
8991
8995
8996
9004
9006
9012
9013
9015
9016
9021
9024
9026
9028
9029
9031
9033
9035
9038
9048
9049
9062
9063
9067
9072
9075
9077
9078
9080
9084
9092
9096
9097
9099
9102
9103
9120
9128
9132
9135
9145
9147
9148
9152
9153
9161
9170
9180
9187
9190
9191
9196
9200
9202
9205
9211
9215
9221
9223
9229
9232
9233
9239
9243
9249
9250
9252
9276
9277
9286
9288
9289
9307
9308
9312
9313
9323
9328
9345
9350
9352
9353
9354
9355
9363
9364
9366
9368
9376
9379
9384
9388
9389
9391
9396
9397
9398
9407
9412
9413
9414
9428
9436
9446
9447
9449
9457
9461
9462
9463
9467
9468
9474
9476
9479
9483
9487
9488
9496
9499
9510
9513
9521
9525
9526
9527
9530
9532
9536
9541
9542
9543
9544
9548
9561
9565
9566
9576
9577
9581
9584
9585
9587
9594
9596
9597
9603
9608
9610
9614
9617
9619
9626
9634
9636
9641
9643
9647
9648
9652
9657
9662
9669
9677
9680
9686
9691
9692
9697
9698
9700
9703
9706
9709
9711
9714
9721
9727
9739
9762
9772
9776
9778
9788
9792
9799
9808
9811
9816
9824
9826
9832
9834
9839
9841
9860
9861
9863
9866
9869
9874
9881
9882
9885
9890
9895
9897
9910
9918
9920
9932
9940
9943
9945
9947
9951
9956
9961
9962
9966
9967
9975
9979
9981
9989
9995
9996
10010
10015
10021
10024
10027
10028
10036
10041
10043
10047
10051
10052
10059
10069
10073
10074
10083
10085
10087
10089
10095
10103
10105
10106
10107
10109
10122
10127
10128
10129
10130
10132
10138
10139
10140
10141
10147
10156
10166
10175
10178
10179
10186
10188
10196
10206
10214
10215
10218
10219
10222
10223
10224
10244
10250
10251
10253
10256
10258
10261
10264
10265
10278
10282
10286
10288
10305
10311
10312
10326
10346
10354
10358
10359
10362
10368
10372
10376
10377
10386
10388
10392
10395
10398
10400
10415
10420
10421
10424
10431
10433
10439
10441
10450
10451
10453
10458
10459
10461
10462
10464
10465
10468
10478
10480
10482
10497
10509
10514
10520
10525
10526
10536
10539
10551
10556
10571
10574
10576
10581
10585
10599
10603
10611
10623
10624
10626
10631
10634
10649
10652
10654
10655
10661
10663
10667
10673
10676
10678
10685
10696
10698
10710
10712
10719
10720
10721
10722
10732
10735
10736
10740
10741
10745
10754
10755
10758
10760
10761
10763
10768
10779
10782
10785
10789
10791
10803
10814
10817
10821
10824
10827
10841
10842
10849
10859
10861
10866
10867
10875
10876
10878
10880
10882
10889
10893
10895
10904
10911
10916
10927
10928
10936
10944
10956
10958
10959
10968
10975
10976
10980
10982
10985
10990
10992
11001
11004
11005
11007
11008
11012
11020
11027
11032
11036
11038
11045
11065
11067
11069
11080
11083
11084
11085
11087
11089
11094
11099
11101
11109
11113
11119
11124
11128
11129
11140
11148
11150
11158
11174
11177
11178
11179
11190
11197
11206
11209
11213
11215
11219
11220
11224
11227
11228
11231
11233
11234
11244
11246
11251
11252
11256
11259
11261
11263
11265
11268
11272
11276
11281
11293
11302
11311
11314
11320
11322
11330
11335
11341
11342
11345
11355
11361
11362
11365
11371
11374
11386
11390
11393
11411
11412
11414
11419
11420
11423
11424
11431
11433
11434
11443
11444
11449
11451
11452
11454
11461
11463
11467
11473
11475
11476
11477
11480
11483
11484
11488
11493
11498
11504
11508
11514
11516
11519
11528
11536
11542
11551
11552
11559
11563
11576
11581
11586
11589
11591
11598
11601
11607
11612
11614
11621
11629
11631
11633
11636
11638
11654
11655
11657
11664
11675
11686
11692
11693
11701
11703
11704
11706
11714
11718
11721
11733
11734
11737
11741
11752
11754
11757
11765
11771
11774
11778
11783
11787
11795
11796
11799
11800
11806
11808
11809
11812
11813
11818
11821
11823
11829
11837
11839
11841
11844
11865
11867
11870
11873
11877
11880
11883
11888
11890
11892
11895
11898
11902
11916
11937
11951
11963
11968
11973
11983
11984
11989
12002
12006
12008
12013
12014
12024
12025
12031
12032
12039
12042
12044
12045
12047
12051
12052
12054
12058
12063
12070
12072
12074
12077
12079
12083
12084
12087
12090
12096
12098
12099
12109
12138
12143
12144
12154
12157
12162
12165
12170
12178
12181
12184
12192
12193
12200
12208
12215
12216
12227
12228
12241
12242
12243
12250
12259
12260
12266
12268
12273
12274
12275
12284
12287
12288
12298
12312
12322
12323
12324
12326
12336
12342
12344
12353
12354
12356
12364
12367
12369
12379
12380
12381
12382
12384
12388
12393
12403
12406
12407
12411
12412
12419
12422
12423
12436
12456
12459
12474
12475
12476
12477
12479
12481
12482
12487
12491
12492
12495
12502
12510
12511
12516
12517
12530
12531
12532
12536
12537
12538
12540
12554
12556
12559
12561
12580
12588
12589
12601
12603
12611
12618
12633
12637
12640
12644
12656
12660
12665
12670
12672
12677
12680
12681
12683
12687
12689
12690
12693
12700
12715
12717
12720
12721
12726
12727
12731
12742
12758
12765
12774
12776
12785
12792
12807
12812
12817
12821
12824
12830
12831
12832
12845
12848
12849
12853
12858
12860
12863
12870
12873
12879
12882
12890
12893
12916
12921
12931
12934
12936
12942
12943
12944
12949
12954
12958
12962
12972
12990
12991
12992
12996
13013
13026
13027
13028
13043
13044
13050
13059
13068
13070
13072
13079
13082
13084
13088
13102
13109
13111
13121
13128
13135
13143
13149
13174
13181
13191
13203
13205
13208
13210
13216
13219
13225
13228
13231
13236
13247
13249
13277
13288
13295
13301
13306
13310
13318
13331
13338
13344
13346
13347
13349
13352
13359
13364
13366
13372
13399
13409
13413
13418
13420
13421
13426
13432
13433
13444
13446
13449
13453
13454
13456
13459
13460
13462
13464
13465
13467
13469
13471
13473
13476
13490
13506
13510
13519
13521
13528
13532
13534
13544
13545
13556
13566
13567
13576
13579
13580
13583
13587
13593
13594
13602
13604
13614
13642
13661
13662
13665
13670
13673
13674
13675
13684
13699
13700
13701
13711
13717
13718
13720
13727
13728
13736
13749
13759
13761
13769
13770
13793
13800
13805
13806
13808
13811
13818
13823
13827
13843
13846
13848
13860
13874
13876
13879
13893
13896
13905
13918
13925
13936
13939
13948
13966
13971
13976
13984
13986
13988
13990
13993
13997
14000
14013
14014
14017
14021
14028
14033
14036
14038
14040
14044
14045
14046
14052
14057
14059
14071
14074
14075
14081
14083
14088
14089
14092
14096
14097
14099
14100
14116
14117
14122
14125
14136
14153
14154
14161
14163
14165
14170
14173
14192
14194
14196
14200
14202
14203
14205
14225
14227
14231
14244
14254
14255
14262
14269
14272
14273
14277
14287
14289
14293
14300
14306
14308
14314
14317
14321
14323
14325
14326
14327
14332
14337
14341
14342
14343
14353
14354
14355
14358
14369
14375
14383
14386
14388
14395
14397
14398
14399
14400
14401
14405
14406
14408
14412
14416
14427
14428
14429
14434
14436
14451
14454
14469
14477
14479
14480
14482
14483
14485
14499
14503
14505
14513
14516
14522
14524
14527
14531
14532
14540
14541
14547
14550
14563
14570
14571
14573
14574
14583
14594
14599
14601
14615
14621
14624
14625
14626
14639
14643
14644
14650
14652
14653
14656
14657
14659
14662
14663
14668
14672
14684
14689
14699
14706
14710
14712
14719
14723
14726
14727
14728
14734
14740
14742
14753
14758
14759
14762
14767
14768
14769
14770
14776
14777
14778
14779
14780
14782
14785
14795
14808
14809
14819
14821
14822
14833
14836
14839
14841
14849
14855
14856
14863
14865
14866
14870
14874
14876
14880
14886
14888
14891
14905
14909
14910
14916
14920
14925
14933
14946
14949
14953
14954
14955
14958
14961
14968
14969
14971
14974
14978
14984
14987
14998
15003
15004
15006
15011
15012
15015
15026
15035
15044
15056
15058
15069
15070
15091
15094
15095
15096
15115
15118
15132
15138
15140
15141
15144
15148
15157
15169
15172
15174
15175
15180
15184
15185
15189
15194
15198
15204
15222
15226
15236
15238
15244
15258
15261
15265
15274
15275
15277
15282
15283
15298
15301
15302
15311
15315
15316
15329
15333
15338
15343
15344
15366
15370
15391
15395
15398
15399
15401
15405
15412
15417
15422
15428
15441
15443
15447
15451
15454
15457
15464
15465
15470
15482
15486
15488
15491
15494
15500
15502
15508
15514
15531
15532
15534
15543
15544
15549
15556
15559
15560
15561
15563
15569
15571
15575
15578
15580
15581
15594
15603
15607
15613
15615
15624
15625
15630
15640
15642
15653
15683
15686
15689
15690
15703
15705
15706
15708
15709
15716
15719
15723
15725
15735
15741
15743
15752
15762
15764
15775
15779
15780
15782
15784
15787
15792
15793
15798
15802
15804
15808
15810
15818
15832
15834
15838
15843
15846
15849
15853
15854
15872
15873
15875
15876
15878
15884
15886
15900
15902
15903
15909
15916
15936
15945
15950
15952
15965
15967
15979
15981
15985
16004
16007
16010
16011
16018
16020
16021
16030
16031
16036
16037
16040
16047
16056
16070
16077
16081
16083
16084
16088
16089
16093
16097
16098
16102
16103
16112
16114
16115
16116
16124
16130
16136
16150
16152
16154
16157
16158
16166
16167
16168
16173
16183
16200
16203
16206
16211
16215
16219
16222
16258
16259
16261
16267
16270
16280
16282
16286
16299
16302
16307
16311
16313
16334
16337
16338
16339
16341
16342
16344
16356
16360
16365
16368
16371
16374
16375
16376
16383
16385
16389
16393
16396
16405
16406
16408
16416
16418
16419
16427
16429
16436
16440
16451
16453
16454
16458
16460
16465
16467
16475
16477
16480
16484
16491
16502
16503
16514
16518
16523
16530
16531
16534
16542
16558
16561
16570
16581
16585
16591
16592
16593
16594
16619
16625
16627
16633
16643
16646
16650
16654
16655
16663
16668
16670
16671
16677
16678
16684
16700
16701
16709
16718
16723
16724
16730
16736
16746
16748
16754
16755
16761
16762
16769
16771
16774
16775
16776
16778
16781
16784
16790
16801
16806
16813
16819
16834
16837
16840
16843
16846
16848
16857
16868
16874
16880
16883
16885
16886
16889
16898
16901
16906
16922
16924
16930
16931
16939
16952
16959
16976
16985
16987
16989
17003
17005
17012
17021
17026
17037
17044
17047
17048
17056
17062
17070
17071
17075
17076
17077
17079
17080
17082
17084
17087
17113
17115
17119
17128
17130
17133
17145
17151
17152
17153
17160
17175
17183
17190
17198
17203
17211
17213
17214
17216
17227
17232
17235
17251
17256
17258
17269
17271
17276
17296
17298
17300
17302
17304
17308
17319
17322
17325
17327
17328
17357
17358
17359
17373
17379
17380
17395
17413
17417
17418
17420
17421
17423
17431
17441
17447
17456
17457
17463
17466
17479
17482
17488
17503
17510
17519
17540
17548
17559
17566
17570
17571
17572
17575
17579
17585
17592
17595
17597
17599
17601
17603
17607
17610
17612
17625
17626
17631
17632
17643
17644
17654
17664
17666
17668
17674
17676
17678
17680
17695
17701
17708
17724
17725
17727
17728
17733
17738
17743
17752
17757
17759
17760
17772
17796
17800
17802
17817
17822
17824
17826
17829
17834
17837
17839
17847
17856
17858
17861
17871
17882
17883
17884
17894
17897
17901
17904
17905
17912
17930
17935
17938
17944
17945
17947
17949
17950
17960
17964
17979
17982
17989
17995
18001
18002
18006
18015
18019
18024
18030
18041
18045
18054
18077
18080
18083
18085
18094
18098
18100
18101
18102
18114
18116
18128
18136
18141
18142
18150
18161
18162
18168
18170
18172
18173
18175
18182
18185
18186
18201
18211
18223
18230
18232
18234
18235
18241
18243
18249
18258
18292
18294
18295
18296
18300
18307
18327
18333
18349
18350
18355
18367
18373
18378
18380
18381
18385
18386
18392
18394
18400
18408
18410
18412
18414
18424
18426
18433
18434
18436
18445
18447
18448
18450
18453
18454
18461
18476
18481
18492
18503
18507
18513
18515
18518
18532
18533
18537
18549
18550
18555
18568
18576
18579
18584
18589
18595
18601
18605
18606
18617
18622
18627
18636
18647
18651
18660
18672
18676
18678
18679
18684
18688
18691
18697
18701
18702
18704
18708
18718
18719
18724
18736
18743
18749
18752
18759
18766
18772
18774
18780
18782
18783
18794
18796
18798
18801
18809
18820
18824
18834
18835
18836
18846
18847
18856
18869
18874
18886
18888
18905
18906
18907
18908
18917
18920
18921
18933
18935
18959
18963
18974
18976
18980
18981
18987
18988
18996
19006
19021
19022
19029
19033
19045
19046
19050
19053
19068
19069
19075
19076
19079
19080
19098
19101
19104
19113
19137
19140
19142
19144
19150
19152
19155
19170
19182
19185
19188
19190
19194
19200
19205
19210
19217
19221
19227
19231
19234
19238
19240
19242
19248
19250
19258
19260
19261
19265
19269
19272
19293
19302
19304
19307
19312
19313
19318
19325
19337
19341
19349
19353
19354
19355
19357
19362
19376
19379
19385
19386
19394
19396
19401
19413
19415
19416
19424
19425
19426
19429
19442
19444
19459
19470
19478
19483
19487
19496
19500
19501
19504
19515
19517
19519
19528
19532
19545
19556
19557
19565
19570
19575
19576
19583
19585
19590
19593
19597
19612
19616
19620
19628
19629
19633
19647
19651
19657
19661
19666
19674
19676
19686
19699
19709
19718
19720
19721
19722
19723
19725
19728
19729
19732
19738
19739
19741
19755
19763
19771
19773
19774
19776
19777
19798
19807
19810
19813
19817
19822
19825
19828
19833
19836
19837
19838
19840
19844
19854
19857
19863
19877
19879
19897
19901
19907
19917
19927
19935
19943
19951
19957
19960
19964
19966
19968
19969
19981
19982
19983
19990
19994
20001
20006
20010
20014
20022
20023
20026
20039
20041
20048
20051
20056
20062
20066
20071
20080
20090
20098
20099
20100
20110
20113
20121
20123
20132
20142
20161
20165
20166
20175
20176
20186
20187
20189
20192
20193
20195
20200
20201
20217
20221
20223
20225
20228
20234
20250
20252
20255
20264
20265
20277
20287
20296
20316
20319
20322
20334
20342
20350
20355
20369
20380
20389
20392
20398
20432
20441
20442
20450
20454
20461
20464
20470
20489
20499
20502
20505
20506
20527
20528
20551
20554
20559
20593
20598
20606
20610
20614
20616
20617
20623
20624
20625
20630
20638
20647
20658
20660
20673
20676
20689
20693
20694
20697
20701
20706
20710
20716
20717
20733
20734
20739
20740
20744
20762
20771
20781
20782
20783
20793
20794
20806
20810
20824
20838
20851
20857
20865
20868
20870
20872
20875
20876
20893
20895
20898
20902
20913
20925
20934
20935
20936
20938
20942
20954
20974
20984
20996
21001
21002
21007
21010
21025
21030
21031
21038
21040
21041
21046
21047
21052
21055
21063
21068
21078
21082
21090
21100
21101
21103
21112
21115
21122
21125
21146
21155
21156
21170
21171
21183
21185
21197
21198
21204
21222
21227
21232
21237
21242
21258
21262
21268
21270
21272
21277
21279
21280
21321
21329
21332
21338
21341
21346
21358
21360
21363
21369
21378
21382
21386
21392
21396
21406
21407
21408
21425
21436
21438
21442
21444
21446
21450
21459
21466
21471
21476
21483
21499
21501
21505
21510
21511
21515
21517
21518
21526
21531
21547
21555
21557
21564
21568
21572
21573
21576
21579
21591
21596
21598
21606
21614
21621
21646
21657
21659
21660
21661
21662
21668
21678
21688
21693
21698
21707
21709
21723
21724
21735
21737
21741
21748
21756
21766
21775
21782
21789
21791
21794
21808
21810
21811
21813
21820
21821
21823
21837
21850
21862
21864
21871
21873
21877
21883
21888
21890
21898
21910
21917
21923
21928
21931
21934
21970
21985
21998
22006
22011
22012
22016
22023
22026
22031
22040
22046
22047
22048
22049
22053
22059
22083
22102
22119
22126
22131
22132
22134
22135
22137
22139
22148
22154
22155
22156
22159
22160
22172
22185
22193
22196
22199
22208
22215
22219
22224
22247
22249
22252
22254
22260
22263
22267
22277
22290
22293
22294
22299
22300
22303
22305
22311
22314
22325
22327
22330
22337
22342
22345
22346
22348
22349
22353
22356
22360
22364
22369
22375
22391
22397
22400
22401
22415
22420
22422
22430
22445
22446
22454
22461
22467
22471
22473
22475
22483
22499
22503
22505
22507
22512
22516
22517
22518
22537
22538
22546
22553
22557
22568
22570
22571
22573
22591
22608
22609
22611
22614
22618
22625
22641
22645
22647
22648
22666
22684
22689
22692
22717
22718
22719
22723
22729
22741
22747
22748
22749
22753
22766
22775
22779
22780
22787
22801
22808
22812
22822
22824
22847
22852
22853
22856
22875
22877
22881
22889
22890
22902
22917
22930
22939
22945
22957
22966
22974
22979
22993
22995
23004
23011
23021
23041
23044
23045
23048
23056
23062
23067
23069
23073
23078
23086
23088
23100
23105
23114
23123
23124
23141
23147
23156
23169
23170
23179
23182
23185
23194
23197
23210
23216
23217
23222
23238
23251
23259
23267
23270
23271
23273
23277
23278
23288
23289
23301
23304
23313
23316
23329
23330
23332
23350
23354
23355
23356
23358
23365
23369
23371
23372
23393
23395
23397
23402
23403
23404
23408
23411
23421
23438
23460
23467
23469
23482
23496
23504
23510
23512
23518
23541
23545
23546
23553
23558
23563
23567
23576
23577
23579
23585
23586
23589
23606
23617
23618
23624
23625
23633
23637
23640
23653
23654
23663
23667
23674
23675
23677
23678
23679
23681
23684
23689
23691
23692
23693
23697
23701
23709
23713
23732
23736
23738
23751
23757
23766
23773
23779
23795
23800
23801
23804
23806
23809
23816
23819
23824
23848
23852
23865
23885
23890
23895
23897
23902
23916
23927
23934
23949
23951
23956
23957
23960
23979
23997
24013
24014
24026
24045
24060
24065
24067
24073
24083
24097
24101
24104
24108
24110
24116
24117
24122
24128
24133
24136
24137
24146
24153
24156
24158
24166
24170
24185
24188
24191
24198
24209
24211
24216
24222
24228
24234
24237
24242
24250
24251
24256
24257
24261
24268
24271
24279
24280
24282
24286
24291
24299
24301
24305
24329
24330
24333
24343
24353
24365
24369
24391
24413
24416
24419
24420
24422
24436
24439
24449
24450
24455
24456
24462
24464
24475
24494
24495
24497
24501
24509
24518
24525
24528
24539
24541
24542
24546
24553
24554
24557
24560
24565
24571
24577
24588
24590
24605
24625
24633
24639
24646
24647
24650
24654
24655
24658
24664
24665
24668
24669
24670
24672
24679
24683
24684
24685
24691
24695
24707
24716
24718
24745
24746
24748
24755
24759
24764
24782
24783
24793
24795
24805
24820
24821
24826
24842
24845
24850
24851
24858
24860
24872
24873
24879
24883
24890
24894
24896
24901
24908
24913
24918
24920
24928
24935
24942
24949
24964
24968
24970
24971
24986
24992
24995
24996
24997
25012
25013
25016
25018
25020
25028
25031
25044
25047
25049
25052
25074
25075
25077
25083
25084
25085
25089
25090
25099
25120
25121
25134
25135
25137
25145
25154
25163
25164
25166
25171
25173
25174
25180
25192
25198
25201
25203
25220
25236
25237
25243
25250
25251
25276
25277
25279
25283
25301
25303
25312
25314
25323
25346
25348
25352
25353
25372
25373
25377
25388
25394
25416
25430
25438
25450
25451
25457
25469
25478
25485
25488
25499
25500
25506
25508
25514
25533
25538
25539
25540
25546
25551
25565
25567
25572
25579
25587
25591
25593
25594
25614
25617
25618
25634
25643
25647
25661
25664
25666
25670
25672
25683
25691
25697
25698
25699
25709
25723
25725
25732
25737
25757
25761
25785
25786
25792
25796
25798
25803
25804
25805
25807
25808
25809
25845
25848
25850
25851
25854
25863
25869
25876
25879
25883
25884
25887
25890
25898
25915
25920
25933
25944
25947
25951
25956
25963
25966
25969
25970
25986
25990
26004
26005
26006
26007
26029
26033
26053
26077
26092
26094
26097
26101
26103
26106
26117
26118
26120
26128
26136
26137
26147
26148
26150
26154
26157
26161
26162
26186
26203
26207
26210
26212
26233
26237
26243
26248
26252
26255
26260
26261
26290
26291
26292
26308
26316
26336
26338
26352
26355
26364
26369
26380
26387
26392
26395
26398
26399
26402
26410
26415
26422
26426
26438
26441
26445
26452
26453
26458
26476
26477
26478
26479
26502
26505
26508
26563
26568
26582
26594
26596
26604
26607
26614
26626
26638
26644
26648
26651
26657
26658
26662
26668
26670
26675
26682
26686
26692
26710
26711
26712
26721
26725
26729
26745
26755
26760
26763
26768
26770
26771
26775
26794
26797
26802
26822
26831
26838
26851
26855
26869
26872
26878
26881
26884
26895
26896
26903
26915
26917
26920
26931
26935
26951
26960
26966
26984
26989
26992
26994
27010
27018
27020
27029
27038
27042
27051
27064
27068
27084
27086
27100
27105
27108
27113
27118
27132
27136
27142
27147
27149
27150
27151
27152
27165
27167
27176
27187
27191
27195
27206
27208
27226
27235
27241
27242
27246
27248
27265
27268
27271
27295
27314
27322
27327
27329
27351
27352
27357
27395
27398
27417
27423
27424
27427
27429
27442
27446
27447
27450
27451
27454
27467
27481
27495
27503
27505
27520
27523
27543
27547
27550
27566
27571
27572
27581
27590
27594
27605
27609
27611
27617
27631
27637
27638
27648
27652
27660
27678
27693
27694
27703
27707
27709
27711
27718
27719
27724
27726
27729
27730
27737
27744
27745
27746
27751
27753
27760
27762
27770
27773
27774
27776
27790
27792
27794
27816
27822
27836
27838
27840
27843
27851
27856
27860
27861
27863
27865
27870
27874
27876
27880
27881
27885
27890
27892
27894
27895
27898
27900
27912
27917
27936
27942
27958
27961
27965
27971
27972
27978
27984
27987
27988
27994
27999
28011
28022
28032
28036
28040
28070
28072
28077
28078
28085
28089
28113
28121
28128
28138
28139
28155
28173
28183
28190
28198
28210
28223
28228
28230
28231
28235
28237
28238
28239
28250
28265
28266
28276
28279
28283
28284
28297
28298
28334
28341
28344
28345
28349
28352
28354
28359
28378
28384
28392
28393
28394
28398
28406
28426
28427
28440
28441
28450
28456
28472
28473
28483
28488
28507
28516
28518
28520
28538
28544
28552
28554
28556
28557
28558
28575
28578
28582
28587
28600
28606
28607
28616
28625
28632
28644
28647
28667
28672
28676
28679
28685
28687
28689
28699
28702
28731
28732
28741
28745
28751
28775
28781
28793
28804
28805
28810
28817
28819
28829
28844
28850
28851
28880
28884
28886
28887
28897
28918
28927
28935
28937
28943
28946
28947
28960
28973
28986
28994
28997
28999
29003
29004
29021
29025
29026
29028
29048
29068
29076
29088
29091
29098
29104
29107
29112
29116
29118
29122
29125
29132
29150
29172
29179
29180
29181
29198
29201
29202
29204
29205
29206
29211
29216
29227
29234
29235
29238
29239
29245
29251
29257
29267
29278
29279
29283
29301
29308
29310
29314
29320
29321
29325
29348
29350
29353
29361
29362
29364
29369
29375
29397
29408
29411
29424
29427
29439
29440
29442
29445
29454
29461
29462
29469
29472
29477
29479
29480
29483
29487
29502
29505
29521
29523
29536
29545
29550
29556
29561
29571
29574
29576
29582
29585
29591
29602
29605
29609
29612
29613
29615
29616
29617
29618
29619
29620
29621
29622
29623
29624
29625
29626
29627
29628
29629
29630
29631
29632
29633
29634
29635
29636
29637
29638
29639
29640
29641
29642
29643
