106
107
108
109
110
111
112
113
114
115
116
117
118
119
120
121
122
123
124
125
126
127
128
129
130
131
132
133
134
135
136
137
139
140
141
142
143
144
145
146
147
148
149
150
151
152
153
154
155
156
157
158
159
160
161
162
163
164
165
166
167
168
169
170
171
172
173
174
175
176
177
178
179
180
181
182
183
184
185
186
187
188
189
190
191
192
193
194
195
196
197
198
199
1103
1106
1107
1110
1111
1112
1113
1114
1116
1118
1119
1120
1122
1123
1126
1129
1139
1141
1143
1144
1146
1148
1149
1154
1155
1156
1158
1159
1161
1162
1166
1167
1169
1171
1174
1176
1177
1179
1180
1181
1182
1183
1185
1186
1190
1193
1195
1197
1198
1200
1202
1204
1205
1209
1211
1214
1215
1216
1217
1218
1221
1222
1223
1227
1228
1229
1231
1233
1236
1237
1243
1246
1248
1250
1251
1253
1256
1260
1263
1265
1267
1268
1270
1277
1279
1281
1285
1286
1289
1297
1299
1301
1303
1304
1306
1314
1315
1320
1322
1324
1328
1334
1339
1341
1342
1344
1348
1352
1354
1358
1359
1361
1362
1363
1366
1376
1377
1383
1389
1394
1396
1399
1403
1413
1414
1415
1424
1431
1435
1436
1437
1438
1440
1441
1444
1450
1460
1463
1464
1465
1468
1470
1473
1475
1477
1480
1487
1494
1495
1499
1501
1505
1513
1518
1519
1527
1536
1538
1540
1541
1544
1545
1547
1548
1549
1553
1554
1558
1559
1560
1566
1567
1568
1571
1573
1575
1576
1580
1582
1584
1586
1591
1594
1596
1601
1602
1603
1604
1605
1609
1610
1611
1612
1616
1618
1619
1628
1631
1632
1633
1643
1644
1646
1647
1649
1653
1655
1658
1662
1663
1664
1665
1673
1677
1679
1682
1684
1686
1693
1696
1698
1700
1702
1703
1705
1708
1711
1713
1714
1721
1728
1732
1733
1742
1747
1748
1750
1757
1762
1766
1769
1774
1775
1776
1777
1780
1782
1784
1785
1798
1801
1806
1807
1810
1811
1812
1813
1815
1818
1821
1822
1830
1832
1837
1838
1839
1840
1842
1843
1855
1856
1863
1864
1866
1868
1869
1870
1872
1874
1880
1883
1884
1887
1891
1892
1893
1894
1895
1897
1899
1903
1905
1906
1908
1910
1911
1912
1916
1918
1920
1921
1926
1927
1928
1931
1934
1936
1940
1942
1950
1957
1961
1964
1966
1968
1970
1979
1988
1992
1995
1996
2003
2006
2007
2008
2012
2020
2027
2030
2031
2035
2036
2038
2043
2044
2047
2048
2049
2050
2053
2059
2061
2062
2064
2066
2068
2069
2072
2077
2082
2083
2087
2093
2095
2101
2105
2107
2108
2109
2110
2112
2116
2117
2118
2119
2129
2137
2140
2142
2145
2147
2149
2155
2158
2160
2162
2165
2175
2176
2180
2184
2185
2187
2190
2191
2193
2194
2195
2199
2200
2204
2207
2211
2213
2216
2217
2218
2222
2224
2225
2226
2227
2232
2239
2240
2244
2246
2249
2254
2255
2258
2259
2261
2265
2266
2271
2276
2281
2284
2285
2286
2296
2300
2302
2303
2305
2311
2312
2316
2321
2327
2328
2330
2332
2335
2339
2340
2343
2346
2349
2351
2354
2361
2362
2364
2365
2367
2374
2379
2385
2386
2389
2391
2393
2403
2407
2409
2411
2417
2418
2420
2422
2423
2425
2426
2428
2430
2431
2433
2437
2440
2442
2445
2456
2457
2458
2463
2468
2482
2484
2488
2489
2494
2495
2497
2501
2503
2504
2505
2510
2511
2521
2522
2528
2537
2544
2548
2549
2553
2556
2559
2562
2566
2568
2571
2572
2574
2581
2591
2599
2603
2605
2608
2609
2616
2620
2621
2629
2630
2632
2633
2637
2641
2644
2645
2646
2651
2653
2654
2660
2665
2681
2688
2692
2693
2698
2699
2703
2707
2711
2712
2716
2723
2728
2731
2732
2734
2737
2743
2747
2748
2750
2758
2764
2771
2772
2776
2784
2785
2787
2789
2795
2797
2805
2810
2814
2816
2822
2824
2828
2838
2839
2842
2845
2846
2848
2851
2852
2858
2860
2861
2868
2869
2875
2879
2881
2883
2885
2887
2895
2897
2898
2904
2912
2913
2914
2916
2924
2927
2933
2940
2941
2944
2945
2951
2953
2956
2959
2960
2963
2978
2980
2983
2987
2991
2993
2997
2999
3007
3008
3014
3016
3021
3031
3041
3043
3044
3048
3051
3052
3056
3062
3068
3073
3075
3080
3088
3098
3100
3101
3106
3110
3112
3113
3120
3121
3123
3137
3139
3145
3150
3155
3156
3161
3166
3169
3171
3174
3181
3186
3187
3190
3192
3196
3198
3202
3205
3208
3209
3220
3222
3229
3233
3237
3238
3244
3252
3253
3254
3255
3256
3257
3258
3261
3263
3264
3269
3276
3283
3289
3290
3292
3299
3300
3302
3309
3311
3313
3315
3318
3321
3325
3326
3329
3335
3336
3345
3353
3361
3362
3365
3368
3372
3374
3375
3377
3381
3382
3384
3385
3386
3387
3408
3418
3420
3427
3432
3437
3438
3443
3447
3448
3449
3451
3452
3457
3460
3464
3473
3484
3487
3488
3491
3494
3496
3497
3498
3501
3505
3510
3513
3519
3527
3530
3532
3537
3540
3541
3543
3545
3548
3554
3556
3557
3560
3566
3575
3589
3596
3602
3607
3613
3624
3628
3633
3634
3636
3644
3650
3653
3656
3660
3663
3665
3676
3678
3681
3682
3683
3684
3687
3700
3702
3708
3715
3719
3732
3737
3740
3742
3755
3767
3773
3774
3776
3777
3781
3789
3792
3794
3798
3810
3814
3817
3818
3819
3820
3838
3839
3840
3842
3848
3857
3858
3863
3864
3869
3873
3874
3888
3893
3901
3903
3904
3907
3908
3919
3923
3925
3926
3928
3930
3935
3936
3943
3945
3946
3948
3954
3956
3962
3963
3965
3970
3974
3983
3984
3987
3994
3997
3999
4009
4019
4020
4027
4029
4035
4043
4044
4046
4047
4050
4054
4060
4061
4063
4064
4070
4072
4073
4078
4084
4093
4095
4098
4105
4106
4114
4120
4121
4125
4126
4127
4138
4139
4142
4146
4147
4152
4154
4161
4162
4163
4164
4165
4167
4168
4175
4179
4182
4184
4185
4188
4189
4197
4199
4203
4206
4208
4209
4211
4217
4218
4221
4228
4231
4232
4233
4249
4252
4253
4259
4264
4267
4268
4277
4287
4289
4290
4295
4296
4299
4313
4315
4316
4321
4330
4333
4338
4339
4342
4354
4355
4356
4358
4359
4361
4366
4378
4380
4385
4386
4388
4392
4396
4404
4412
4418
4419
4426
4428
4433
4437
4438
4444
4445
4450
4451
4452
4453
4455
4457
4459
4470
4472
4474
4477
4484
4485
4487
4489
4495
4506
4509
4512
4514
4516
4517
4523
4527
4531
4535
4538
4542
4543
4547
4554
4555
4558
4559
4561
4567
4568
4569
4571
4574
4578
4585
4600
4603
4606
4607
4608
4611
4615
4623
4626
4628
4633
4634
4638
4641
4648
4649
4652
4654
4661
4664
4672
4679
4681
4687
4696
4704
4710
4711
4716
4718
4719
4724
4725
4728
4729
4730
4735
4736
4740
4746
4753
4758
4759
4763
4771
4774
4777
4778
4780
4785
4786
4789
4793
4798
4809
4810
4812
4816
4819
4820
4824
4825
4832
4838
4840
4841
4845
4846
4849
4853
4854
4862
4867
4869
4871
4873
4877
4878
4880
4882
4889
4893
4894
4900
4902
4906
4907
4910
4915
4920
4928
4930
4931
4932
4935
4937
4940
4941
4942
4948
4949
4958
4964
4965
4966
4967
4974
4981
4982
4988
4989
4994
4997
4999
5005
5010
5017
5019
5022
5025
5026
5031
5034
5042
5048
5053
5070
5075
5077
5080
5082
5084
5086
5087
5095
5096
5098
5100
5101
5102
5108
5114
5115
5116
5118
5119
5123
5132
5148
5152
5165
5167
5168
5170
5171
5178
5183
5194
5195
5196
5199
5203
5207
5208
5213
5222
5224
5225
5228
5230
5245
5250
5253
5257
5262
5263
5264
5266
5275
5278
5283
5295
5299
5301
5305
5307
5310
5326
5332
5340
5341
5343
5345
5348
5351
5354
5358
5361
5365
5367
5370
5371
5372
5376
5382
5389
5397
5399
5403
5404
5412
5417
5418
5424
5425
5426
5427
5430
5431
5437
5442
5455
5469
5471
5474
5477
5479
5480
5484
5490
5494
5498
5515
5521
5526
5528
5529
5532
5535
5536
5540
5544
5548
5552
5561
5562
5563
5565
5566
5567
5570
5574
5576
5585
5587
5591
5601
5602
5604
5605
5613
5616
5620
5624
5628
5637
5641
5642
5643
5655
5657
5658
5663
5668
5670
5671
5672
5674
5680
5684
5688
5694
5696
5697
5699
5718
5719
5723
5725
5727
5730
5735
5737
5748
5750
5759
5767
5771
5773
5783
5784
5785
5788
5790
5792
5795
5796
5800
5804
5805
5806
5810
5812
5813
5814
5815
5817
5821
5822
5827
5834
5837
5838
5846
5849
5851
5854
5855
5864
5865
5871
5876
5877
5879
5884
5886
5890
5892
5894
5902
5907
5909
5914
5915
5918
5926
5930
5935
5937
5938
5939
5948
5950
5958
5959
5970
5971
5973
5975
5977
5984
5985
5992
5993
5996
5997
6005
6008
6013
6014
6019
6029
6034
6040
6047
6048
6052
6061
6062
6063
6066
6071
6072
6088
6094
6099
6105
6108
6111
6118
6120
6122
6126
6129
6140
6149
6150
6154
6163
6170
6171
6180
6185
6187
6188
6189
6192
6194
6198
6200
6202
6206
6207
6208
6223
6228
6234
6240
6241
6243
6245
6246
6247
6249
6262
6264
6276
6281
6288
6289
6304
6308
6315
6317
6328
6334
6335
6338
6340
6354
6369
6374
6376
6378
6380
6385
6386
6392
6397
6406
6407
6410
6415
6424
6428
6432
6434
6436
6438
6447
6451
6457
6464
6466
6472
6473
6477
6478
6482
6483
6484
6485
6502
6503
6506
6512
6523
6525
6530
6532
6533
6539
6540
6542
6548
6566
6569
6571
6579
6582
6589
6591
6592
6595
6598
6600
6601
6602
6607
6608
6617
6620
6630
6632
6639
6640
6643
6646
6647
6656
6660
6664
6667
6671
6691
6696
6697
6699
6704
6707
6708
6715
6718
6725
6726
6732
6734
6736
6737
6738
6746
6751
6758
6760
6766
6768
6773
6775
6778
6782
6784
6786
6790
6798
6801
6803
6812
6817
6818
6822
6824
6834
6840
6841
6851
6853
6856
6859
6864
6866
6871
6875
6877
6881
6882
6884
6885
6891
6892
6894
6896
6906
6912
6918
6920
6922
6929
6931
6933
6935
6940
6941
6944
6946
6949
6951
6970
6975
6976
6982
6991
6992
6994
6995
6997
7007
7008
7009
7010
7011
7012
7015
7019
7025
7031
7032
7041
7044
7050
7053
7059
7063
7065
7067
7069
7076
7088
7097
7098
7109
7111
7114
7119
7121
7125
7126
7127
7130
7131
7134
7136
7137
7138
7150
7157
7166
7168
7170
7172
7174
7180
7192
7196
7198
7200
7201
7213
7214
7215
7216
7220
7222
7223
7229
7232
7235
7236
7238
7246
7251
7252
7258
7262
7264
7267
7271
7272
7275
7276
7279
7281
7282
7284
7285
7286
7287
7291
7292
7297
7298
7299
7301
7310
7315
7317
7320
7328
7334
7337
7338
7340
7345
7346
7353
7363
7368
7369
7370
7374
7385
7386
7395
7396
7406
7408
7409
7412
7418
7426
7437
7443
7445
7446
7449
7458
7466
7467
7468
7471
7487
7501
7503
7511
7513
7520
7528
7529
7533
7535
7546
7555
7556
7559
7560
7562
7569
7584
7587
7595
7597
7609
7615
7620
7625
7627
7635
7641
7643
7644
7649
7670
7672
7675
7676
7688
7691
7693
7697
7698
7706
7712
7719
7720
7722
7723
7729
7740
7745
7749
7754
7755
7757
7762
7766
7767
7770
7776
7777
7783
7786
7793
7804
7809
7810
7812
7816
7817
7824
7826
7829
7830
7836
7846
7853
7854
7856
7858
7859
7864
7866
7867
7874
7875
7877
7883
7884
7889
7890
7891
7892
7897
7901
7903
7906
7912
7916
7921
7925
7926
7930
7937
7939
7942
7954
7956
7958
7959
7969
7971
7972
7978
7979
7981
7984
7985
7991
8000
8001
8005
8009
8010
8011
8018
8020
8026
8031
8032
8034
8035
8039
8043
8045
8046
8050
8052
8053
8057
8059
8061
8063
8065
8069
8071
8080
8081
8085
8093
8094
8095
8096
8098
8111
8113
8115
8124
8126
8127
8136
8141
8143
8144
8146
8147
8148
8155
8163
8167
8169
8178
8179
8187
8188
8193
8194
8198
8201
8204
8208
8209
8212
8213
8214
8219
8222
8223
8228
8232
8236
8239
8246
8255
8261
8268
8274
8276
8277
8284
8290
8294
8298
8305
8306
8308
8311
8315
8322
8325
8327
8330
8331
8334
8337
8341
8343
8346
8350
8351
8355
8362
8363
8364
8370
8377
8380
8383
8387
8394
8396
8400
8405
8406
8408
8418
8419
8427
8429
8431
8436
8438
8441
8445
8456
8458
8462
8463
8468
8475
8477
8484
8489
8492
8499
8503
8504
8505
8508
8511
8517
8529
8534
8536
8540
8542
8546
8574
8584
8586
8588
8593
8594
8604
8608
8613
8628
8631
8634
8637
8638
8642
8643
8654
8655
8656
8657
8658
8661
8662
8669
8670
8671
8672
8674
8678
8680
8693
8702
8704
8706
8707
8709
8710
8722
8730
8734
8735
8740
8745
8757
8758
8761
8762
8766
8788
8793
8795
8801
8805
8809
8810
8811
8813
8815
8816
8817
8819
8828
8831
8835
8839
8840
8854
8856
8864
8869
8877
8878
8879
8884
8886
8896
8901
8906
8909
8910
8914
8919
8920
8921
8928
8930
8934
8936
8938
8954
8956
8963
8967
8971
8972
8977
8985
8991
8992
8993
8997
9005
9009
9010
9011
9012
9014
9015
9016
9019
9020
9022
9041
9044
9050
9052
9054
9073
9074
9079
9080
9084
9100
9102
9107
9125
9144
9146
9162
9163
9164
9176
9178
9180
9188
9193
9194
9199
9203
9204
9208
9209
9210
9213
9214
9216
9220
9221
9224
9228
9232
9233
9238
9248
9250
9255
9261
9265
9266
9269
9270
9277
9280
9291
9294
9297
9301
9304
9318
9319
9321
9322
9324
9327
9330
9331
9333
9334
9349
9353
9356
9363
9371
9376
9380
9381
9382
9388
9390
9396
9397
9400
9405
9408
9411
9414
9417
9421
9427
9435
9441
9445
9447
9455
9458
9468
9471
9473
9480
9483
9486
9495
9517
9535
9537
9538
9540
9561
9574
9582
9588
9589
9590
9591
9592
9598
9600
9603
9610
9623
9627
9634
9635
9650
9652
9654
9681
9684
9685
9692
9700
9705
9707
9711
9712
9713
9717
9724
9731
9732
9737
9739
9743
9751
9753
9756
9760
9762
9774
9775
9779
9803
9805
9819
9823
9824
9827
9841
9847
9851
9866
9870
9871
9874
9881
9886
9888
9896
9899
9907
9925
9927
9929
9930
9944
9947
9964
9966
9974
9980
9981
9989
9990
9992
9998
10008
10010
10019
10023
10026
10027
10030
10031
10034
10037
10038
10039
10040
10049
10058
10062
10063
10073
10075
10083
10092
10097
10105
10106
10108
10114
10115
10119
10125
10126
10132
10140
10141
10144
10165
10170
10182
10184
10187
10188
10194
10201
10205
10209
10214
10224
10226
10227
10228
10236
10237
10238
10241
10242
10243
10249
10250
10255
10257
10258
10261
10264
10272
10273
10274
10279
10282
10283
10287
10294
10295
10296
10302
10308
10309
10310
10318
10320
10328
10334
10344
10354
10358
10364
10367
10374
10382
10396
10401
10405
10411
10413
10416
10427
10430
10434
10436
10438
10444
10449
10455
10456
10458
10464
10466
10467
10473
10478
10480
10482
10484
10493
10496
10499
10506
10507
10509
10512
10515
10517
10518
10522
10527
10533
10536
10540
10550
10552
10555
10556
10559
10566
10573
10584
10587
10591
10594
10595
10597
10600
10606
10607
10615
10627
10637
10638
10641
10655
10658
10661
10662
10663
10666
10676
10677
10680
10681
10682
10688
10696
10703
10704
10706
10709
10712
10714
10715
10716
10725
10729
10733
10734
10737
10756
10758
10764
10768
10771
10774
10775
10779
10782
10796
10802
10806
10807
10808
10816
10820
10827
10828
10832
10840
10841
10842
10849
10857
10862
10863
10866
10879
10880
10881
10884
10885
10886
10903
10905
10912
10914
10916
10923
10927
10928
10932
10940
10947
10948
10950
10951
10960
10961
10963
10965
10971
10976
10987
10989
10991
11000
11007
11008
11010
11012
11014
11017
11019
11033
11043
11044
11048
11056
11059
11067
11071
11078
11079
11082
11083
11088
11089
11090
11092
11105
11109
11111
11114
11116
11118
11125
11129
11134
11135
11137
11143
11145
11147
11153
11158
11160
11169
11170
11179
11192
11194
11200
11214
11215
11220
11224
11225
11226
11228
11229
11232
11234
11238
11245
11249
11252
11256
11257
11263
11266
11271
11272
11273
11279
11280
11284
11290
11299
11313
11315
11321
11335
11340
11344
11357
11359
11364
11367
11368
11369
11373
11375
11379
11381
11404
11412
11423
11428
11431
11437
11439
11442
11452
11454
11462
11465
11470
11477
11478
11486
11487
11489
11509
11515
11516
11519
11539
11540
11542
11544
11549
11553
11558
11563
11565
11567
11568
11569
11571
11572
11573
11574
11582
11583
11584
11586
11591
11603
11604
11613
11618
11624
11631
11636
11641
11649
11650
11653
11654
11655
11656
11658
11661
11681
11687
11697
11701
11708
11711
11721
11722
11730
11732
11733
11736
11739
11741
11743
11744
11745
11750
11757
11761
11767
11769
11776
11778
11781
11786
11787
11792
11794
11796
11797
11804
11807
11811
11815
11824
11841
11848
11850
11858
11859
11860
11862
11865
11868
11870
11871
11874
11886
11898
11900
11902
11904
11908
11916
11920
11922
11925
11941
11944
11949
11951
11955
11967
11986
11989
12002
12004
12010
12011
12013
12027
12031
12034
12048
12049
12050
12051
12056
12061
12076
12082
12084
12090
12095
12108
12119
12130
12135
12144
12148
12149
12154
12160
12167
12170
12172
12173
12174
12177
12178
12182
12188
12192
12198
12200
12207
12215
12217
12223
12230
12231
12233
12234
12235
12252
12271
12272
12273
12277
12283
12287
12298
12299
12304
12306
12316
12329
12333
12337
12341
12343
12344
12345
12346
12355
12363
12365
12368
12373
12377
12397
12401
12403
12416
12418
12430
12442
12448
12457
12463
12474
12475
12477
12478
12481
12488
12494
12510
12512
12516
12519
12522
12528
12533
12534
12535
12549
12554
12559
12562
12563
12569
12571
12572
12578
12580
12591
12595
12598
12601
12613
12614
12629
12647
12650
12653
12659
12660
12666
12679
12686
12688
12692
12721
12725
12730
12734
12735
12736
12754
12764
12769
12775
12777
12788
12789
12791
12797
12798
12800
12801
12802
12804
12807
12809
12814
12816
12818
12819
12821
12828
12837
12839
12842
12844
12846
12849
12853
12855
12858
12862
12864
12866
12885
12887
12888
12890
12892
12895
12913
12914
12915
12917
12918
12924
12928
12935
12938
12948
12949
12953
12956
12959
12962
12964
12969
12986
13000
13002
13003
13006
13015
13017
13018
13034
13040
13051
13053
13054
13058
13060
13084
13085
13089
13091
13107
13108
13119
13127
13129
13130
13142
13143
13147
13148
13149
13152
13155
13156
13159
13162
13166
13169
13189
13192
13193
13194
13199
13200
13201
13207
13209
13218
13225
13227
13230
13241
13247
13252
13263
13268
13273
13274
13275
13280
13284
13287
13292
13300
13301
13304
13305
13306
13316
13319
13328
13330
13335
13336
13340
13345
13355
13356
13373
13374
13378
13380
13388
13389
13392
13396
13408
13410
13417
13424
13426
13427
13431
13433
13434
13436
13447
13456
13457
13465
13488
13493
13498
13504
13512
13517
13520
13527
13532
13533
13541
13542
13544
13562
13564
13568
13573
13577
13578
13601
13602
13603
13617
13630
13632
13635
13637
13645
13656
13657
13665
13671
13676
13678
13679
13683
13684
13685
13691
13692
13704
13710
13723
13730
13734
13739
13756
13757
13759
13767
13777
13782
13786
13789
13791
13796
13803
13805
13812
13815
13818
13823
13824
13827
13830
13831
13836
13841
13849
13851
13853
13855
13859
13870
13871
13886
13894
13897
13908
13909
13913
13927
13932
13936
13938
13946
13952
13955
13965
13966
13969
13975
13978
13991
13995
13999
14002
14004
14007
14009
14014
14017
14019
14021
14025
14044
14054
14067
14077
14080
14081
14082
14086
14088
14092
14112
14113
14120
14124
14130
14140
14144
14154
14155
14160
14161
14167
14170
14172
14173
14178
14183
14184
14186
14201
14205
14207
14214
14221
14222
14225
14229
14247
14248
14255
14257
14262
14266
14267
14278
14285
14291
14294
14298
14301
14303
14306
14309
14315
14337
14343
14348
14350
14351
14352
14353
14355
14357
14366
14375
14403
14406
14407
14410
14414
14425
14434
14436
14443
14449
14459
14467
14472
14480
14484
14488
14497
14499
14503
14508
14509
14511
14516
14517
14518
14520
14523
14524
14525
14527
14528
14531
14540
14543
14545
14551
14554
14555
14558
14561
14565
14566
14570
14572
14587
14597
14598
14602
14604
14607
14613
14615
14618
14624
14629
14633
14636
14637
14638
14641
14644
14647
14660
14673
14678
14686
14687
14695
14699
14702
14703
14708
14715
14719
14721
14723
14724
14732
14733
14739
14740
14744
14746
14762
14771
14777
14778
14780
14785
14787
14788
14791
14795
14798
14816
14820
14822
14828
14835
14840
14844
14846
14847
14850
14853
14855
14867
14876
14880
14881
14883
14884
14887
14908
14918
14924
14929
14930
14931
14934
14936
14942
14946
14951
14955
14964
14966
14969
14987
14995
14996
15005
15010
15012
15017
15018
15021
15022
15025
15027
15030
15031
15034
15036
15039
15045
15051
15066
15069
15071
15085
15092
15094
15105
15114
15126
15127
15135
15139
15149
15160
15161
15177
15184
15187
15191
15194
15197
15204
15206
15209
15225
15232
15236
15247
15251
15253
15254
15255
15263
15265
15268
15269
15275
15281
15284
15285
15297
15298
15301
15302
15318
15319
15323
15328
15341
15342
15345
15347
15349
15357
15361
15363
15364
15371
15372
15377
15380
15384
15391
15394
15404
15411
15421
15424
15425
15427
15430
15437
15443
15447
15450
15454
15455
15456
15458
15462
15467
15470
15475
15477
15484
15496
15503
15507
15509
15512
15518
15534
15536
15543
15544
15546
15550
15554
15566
15569
15574
15575
15580
15581
15586
15588
15589
15594
15595
15597
15598
15601
15618
15622
15623
15629
15632
15641
15645
15655
15658
15660
15665
15667
15668
15672
15677
15692
15694
15705
15710
15725
15729
15736
15745
15748
15750
15751
15756
15774
15776
15792
15796
15798
15809
15812
15813
15818
15825
15835
15842
15852
15860
15863
15868
15869
15870
15871
15873
15874
15879
15880
15881
15891
15895
15897
15903
15905
15906
15910
15916
15922
15925
15933
15939
15941
15942
15950
15955
15958
15963
15970
15974
15988
15994
16008
16012
16033
16035
16040
16046
16047
16055
16059
16065
16068
16071
16073
16076
16082
16089
16090
16091
16094
16099
16115
16121
16133
16140
16144
16145
16150
16155
16156
16157
16184
16199
16204
16207
16211
16221
16232
16236
16240
16244
16246
16249
16250
16259
16264
16265
16266
16268
16270
16271
16273
16283
16286
16287
16288
16310
16311
16315
16320
16330
16332
16352
16356
16358
16365
16368
16370
16378
16388
16390
16404
16407
16408
16423
16425
16428
16430
16437
16439
16447
16457
16461
16462
16465
16468
16469
16470
16472
16475
16479
16481
16482
16485
16516
16525
16531
16535
16543
16550
16564
16566
16568
16569
16570
16589
16591
16596
16603
16605
16606
16609
16616
16623
16630
16631
16650
16652
16654
16659
16664
16665
16669
16671
16673
16676
16677
16679
16686
16688
16689
16693
16702
16703
16709
16717
16719
16734
16736
16740
16742
16756
16757
16764
16767
16775
16778
16782
16784
16789
16791
16792
16793
16797
16798
16803
16805
16811
16814
16819
16836
16843
16848
16865
16870
16877
16888
16889
16891
16896
16904
16907
16912
16915
16916
16926
16943
16953
16958
16963
16966
16968
16970
16975
16988
16989
17000
17012
17024
17026
17027
17030
17033
17035
17042
17044
17046
17047
17049
17067
17070
17071
17072
17073
17074
17077
17088
17089
17090
17103
17104
17105
17108
17110
17111
17115
17117
17119
17121
17126
17149
17156
17162
17166
17167
17178
17179
17181
17193
17203
17207
17213
17215
17216
17224
17228
17234
17241
17242
17244
17248
17261
17262
17266
17268
17269
17272
17274
17279
17283
17294
17305
17307
17315
17321
17323
17328
17346
17347
17348
17351
17354
17359
17375
17379
17389
17393
17398
17399
17401
17402
17412
17414
17417
17422
17425
17430
17434
17442
17458
17459
17462
17465
17466
17482
17483
17489
17490
17496
17506
17508
17510
17514
17517
17518
17526
17534
17535
17537
17544
17546
17549
17562
17564
17568
17575
17606
17610
17612
17613
17642
17643
17653
17657
17661
17663
17667
17669
17671
17674
17684
17695
17696
17704
17717
17719
17721
17724
17736
17743
17747
17759
17761
17765
17766
17767
17770
17773
17776
17781
17782
17783
17786
17787
17791
17797
17809
17810
17820
17839
17843
17847
17849
17859
17873
17882
17884
17886
17897
17900
17903
17906
17912
17913
17914
17921
17923
17941
17948
17952
17963
17974
17975
17977
17985
17993
18000
18001
18006
18022
18023
18024
18027
18029
18040
18049
18054
18059
18062
18071
18078
18097
18100
18101
18106
18110
18126
18127
18133
18134
18144
18151
18152
18162
18178
18195
18208
18220
18225
18229
18233
18237
18238
18240
18251
18257
18276
18291
18296
18298
18307
18309
18310
18311
18312
18313
18320
18323
18325
18326
18329
18330
18332
18337
18342
18350
18351
18353
18366
18368
18372
18373
18378
18379
18389
18397
18408
18410
18413
18416
18418
18424
18432
18434
18439
18456
18462
18468
18472
18480
18484
18503
18505
18515
18516
18523
18530
18537
18546
18548
18551
18553
18556
18562
18569
18573
18575
18580
18591
18596
18603
18606
18608
18609
18610
18614
18625
18628
18635
18637
18649
18652
18665
18674
18680
18692
18703
18714
18719
18725
18726
18728
18733
18734
18737
18750
18751
18759
18760
18764
18766
18771
18772
18776
18778
18782
18791
18793
18799
18809
18848
18851
18854
18855
18859
18860
18861
18862
18867
18872
18875
18876
18882
18883
18884
18886
18888
18890
18896
18900
18911
18941
18963
18965
18970
18972
18974
18978
18984
19004
19005
19007
19015
19017
19020
19031
19036
19041
19046
19053
19054
19072
19073
19080
19091
19092
19093
19094
19096
19098
19103
19109
19123
19138
19145
19153
19156
19169
19172
19173
19176
19178
19184
19191
19196
19204
19224
19226
19233
19236
19241
19242
19248
19252
19256
19258
19260
19268
19269
19277
19280
19286
19287
19299
19302
19303
19305
19311
19312
19314
19320
19326
19329
19331
19351
19353
19360
19366
19379
19380
19385
19386
19398
19402
19403
19410
19420
19422
19425
19428
19436
19445
19446
19449
19457
19464
19471
19474
19479
19482
19501
19511
19515
19526
19527
19533
19541
19547
19550
19555
19568
19574
19576
19584
19587
19592
19596
19601
19604
19609
19613
19614
19615
19616
19621
19625
19626
19632
19643
19646
19667
19680
19685
19688
19700
19701
19710
19717
19718
19721
19726
19743
19756
19758
19769
19770
19771
19773
19780
19782
19785
19803
19814
19826
19827
19828
19831
19832
19839
19844
19846
19849
19853
19855
19863
19865
19867
19872
19875
19878
19887
19895
19900
19905
19917
19934
19953
19956
19957
19959
19960
19967
19972
19981
19989
20003
20012
20025
20030
20040
20043
20044
20049
20051
20057
20069
20073
20080
20082
20086
20118
20120
20122
20127
20132
20140
20144
20153
20158
20172
20175
20178
20190
20192
20194
20203
20219
20240
20241
20246
20264
20276
20279
20284
20288
20294
20295
20303
20308
20309
20316
20324
20329
20335
20337
20342
20356
20359
20361
20362
20365
20375
20382
20386
20405
20407
20409
20411
20418
20437
20448
20466
20473
20481
20482
20484
20488
20491
20494
20497
20498
20501
20507
20524
20527
20532
20533
20535
20542
20546
20549
20563
20572
20584
20591
20596
20598
20605
20606
20612
20620
20623
20624
20625
20633
20643
20645
20656
20662
20667
20670
20674
20676
20688
20695
20700
20708
20710
20717
20721
20723
20725
20731
20735
20737
20745
20766
20771
20779
20786
20787
20806
20807
20808
20826
20828
20830
20831
20839
20844
20850
20853
20856
20859
20871
20897
20900
20908
20910
20924
20935
20936
20940
20946
20954
20975
20981
20989
20997
21003
21008
21010
21011
21012
21018
21019
21020
21023
21025
21028
21029
21047
21048
21053
21067
21073
21077
21087
21088
21091
21093
21095
21100
21102
21106
21115
21120
21124
21126
21132
21134
21146
21160
21162
21163
21170
21212
21215
21216
21225
21238
21243
21244
21245
21261
21276
21278
21293
21298
21299
21300
21304
21314
21321
21323
21325
21326
21333
21341
21342
21344
21348
21349
21357
21359
21361
21365
21366
21368
21371
21374
21376
21378
21379
21382
21383
21389
21398
21399
21401
21403
21405
21414
21416
21418
21420
21423
21425
21435
21441
21449
21459
21462
21463
21466
21473
21482
21484
21486
21492
21503
21506
21515
21524
21531
21546
21559
21573
21577
21579
21580
21585
21595
21602
21603
21605
21608
21610
21611
21615
21616
21619
21620
21623
21632
21634
21642
21649
21654
21665
21701
21705
21706
21710
21711
21718
21728
21732
21733
21742
21758
21769
21771
21773
21779
21783
21785
21790
21792
21805
21809
21811
21815
21820
21822
21828
21840
21853
21874
21878
21888
21889
21898
21907
21916
21926
21927
21932
21933
21935
21937
21943
21946
21953
21956
21964
21967
21975
21976
21977
21981
21988
21991
21998
22008
22020
22022
22024
22035
22050
22052
22053
22055
22058
22075
22076
22081
22082
22083
22086
22096
22097
22112
22113
22115
22116
22117
22123
22125
22134
22145
22152
22155
22161
22163
22170
22183
22185
22191
22224
22233
22239
22248
22254
22275
22285
22288
22303
22308
22311
22313
22316
22321
22323
22326
22331
22338
22345
22350
22352
22354
22356
22360
22368
22369
22371
22394
22398
22402
22405
22406
22410
22417
22425
22432
22435
22443
22448
22449
22450
22454
22464
22468
22471
22475
22482
22489
22494
22506
22520
22522
22525
22528
22529
22534
22536
22550
22551
22552
22564
22566
22569
22572
22584
22585
22593
22597
22607
22610
22611
22620
22629
22631
22638
22647
22648
22649
22653
22654
22662
22668
22669
22677
22678
22699
22713
22731
22736
22738
22742
22750
22752
22767
22772
22774
22781
22792
22798
22805
22806
22817
22828
22830
22832
22834
22842
22843
22852
22857
22860
22869
22881
22882
22887
22892
22893
22894
22896
22898
22902
22904
22909
22910
22911
22917
22921
22927
22931
22949
22956
22960
22973
22984
23019
23024
23027
23031
23034
23038
23040
23043
23054
23055
23057
23063
23074
23076
23082
23106
23113
23122
23127
23132
23137
23140
23161
23163
23173
23179
23186
23193
23202
23211
23220
23221
23223
23225
23236
23238
23240
23242
23245
23246
23247
23251
23264
23265
23268
23275
23276
23282
23284
23290
23293
23294
23296
23297
23301
23308
23309
23315
23325
23326
23332
23336
23340
23375
23377
23383
23397
23401
23404
23417
23419
23423
23429
23445
23448
23449
23455
23460
23476
23483
23487
23490
23496
23509
23536
23542
23556
23557
23566
23568
23585
23589
23594
23601
23609
23615
23620
23622
23630
23632
23639
23655
23663
23675
23680
23681
23683
23684
23686
23700
23711
23718
23725
23730
23742
23746
23766
23780
23783
23786
23790
23801
23808
23812
23817
23820
23826
23837
23838
23843
23850
23855
23860
23861
23862
23864
23868
23873
23876
23881
23896
23901
23906
23912
23951
23954
23959
23983
23987
23993
23996
24007
24008
24010
24017
24018
24029
24032
24034
24040
24043
24046
24072
24076
24087
24093
24097
24100
24105
24107
24112
24118
24123
24132
24143
24157
24170
24171
24180
24181
24186
24188
24191
24195
24206
24209
24211
24213
24216
24218
24223
24226
24228
24230
24238
24247
24268
24269
24271
24297
24313
24324
24346
24348
24353
24355
24362
24363
24364
24365
24374
24380
24385
24387
24417
24422
24438
24449
24465
24472
24473
24474
24491
24492
24500
24517
24519
24520
24522
24528
24530
24537
24545
24553
24557
24558
24572
24581
24582
24598
24603
24632
24633
24636
24653
24657
24658
24662
24667
24677
24678
24682
24684
24685
24692
24704
24709
24721
24723
24726
24729
24732
24739
24745
24747
24752
24753
24754
24755
24758
24782
24783
24784
24788
24815
24822
24823
24834
24843
24844
24851
24856
24858
24862
24870
24874
24876
24878
24881
24886
24891
24901
24902
24905
24914
24915
24921
24928
24941
24943
24951
24956
24960
24969
24977
24988
24991
25005
25007
25012
25014
25015
25019
25021
25030
25031
25047
25059
25065
25066
25067
25072
25074
25093
25096
25100
25113
25120
25126
25135
25148
25152
25153
25156
25167
25173
25175
25179
25186
25187
25191
25193
25194
25196
25201
25202
25214
25216
25243
25247
25251
25259
25262
25263
25265
25274
25290
25298
25304
25311
25315
25319
25322
25332
25338
25342
25350
25356
25373
25375
25378
25382
25383
25385
25388
25392
25395
25406
25410
25414
25415
25422
25430
25443
25451
25453
25459
25462
25469
25478
25484
25487
25492
25497
25506
25515
25524
25539
25552
25564
25566
25574
25576
25581
25603
25611
25614
25619
25622
25648
25649
25651
25665
25667
25671
25685
25691
25703
25706
25707
25708
25709
25710
25714
25731
25734
25738
25755
25757
25764
25767
25768
25770
25772
25775
25776
25777
25786
25801
25844
25856
25863
25871
25876
25889
25891
25893
25911
25922
25935
25936
25937
25944
25946
25949
25964
25971
25973
25976
25980
25981
25982
25991
25995
25997
26005
26011
26014
26017
26030
26031
26036
26038
26048
26051
26053
26071
26078
26079
26084
26087
26106
26117
26121
26125
26128
26132
26134
26136
26138
26142
26152
26179
26181
26190
26192
26195
26225
26227
26230
26236
26247
26252
26264
26265
26271
26275
26281
26287
26289
26291
26297
26300
26304
26330
26339
26342
26344
26346
26365
26374
26375
26389
26393
26400
26405
26408
26413
26421
26426
26433
26434
26438
26444
26448
26456
26464
26465
26468
26481
26485
26492
26499
26502
26510
26514
26518
26545
26554
26555
26558
26567
26586
26595
26597
26610
26613
26614
26632
26641
26651
26652
26658
26669
26670
26671
26684
26707
26708
26727
26728
26732
26734
26743
26748
26768
26775
26778
26800
26802
26806
26827
26845
26849
26852
26857
26858
26859
26867
26868
26878
26880
26883
26886
26887
26888
26891
26899
26913
26928
26930
26932
26936
26942
26943
26948
26949
26950
26960
26976
26979
26984
26988
26991
26996
27000
27002
27008
27024
27027
27035
27047
27048
27054
27055
27056
27069
27071
27087
27089
27092
27100
27110
27112
27119
27120
27122
27124
27125
27129
27131
27133
27137
27146
27184
27187
27198
27199
27215
27221
27224
27232
27242
27244
27262
27282
27288
27290
27293
27295
27296
27314
27321
27324
27331
27343
27346
27355
27372
27380
27386
27390
27408
27420
27428
27439
27444
27447
27450
27457
27466
27467
27476
27484
27487
27502
27515
27518
27529
27537
27539
27543
27547
27551
27561
27577
27579
27584
27589
27590
27596
27603
27608
27610
27627
27629
27642
27643
27650
27652
27658
27667
27668
27678
27693
27695
27704
27709
27716
27717
27729
27735
27741
27755
27760
27763
27768
27769
27770
27781
27789
27792
27793
27794
27796
27804
27819
27827
27830
27831
27842
27845
27846
27858
27864
27879
27887
27893
27898
27906
27910
27912
27918
27923
27944
27946
27962
27978
27982
27983
27984
27986
27988
27989
27990
28004
28007
28014
28015
28018
28021
28024
28025
28027
28028
28048
28058
28060
28090
28091
28100
28101
28102
28105
28106
28108
28113
28114
28117
28118
28125
28126
28128
28129
28130
28131
28132
28133
28134
28135
28136
28137
28138
28139
28140
28141
28142
28143
28144
28145
28146
28147
28148
28149
28150
28151
28152
28153
28154
28155
28156
