32768
32772
5
6
7
8
9
10
11
12
13
32776
15
16
4
22
24
25
32793
28
29
30
32797
35
36
37
38
32806
40
41
43
32817
32818
50
52
53
32819
62
65
66
32835
32836
68
70
73
74
76
78
32848
81
84
86
90
94
95
32863
32865
98
100
101
102
104
108
109
111
112
113
115
32883
117
118
119
120
121
32885
116
124
128
131
132
134
136
139
32907
32909
143
144
154
155
157
32927
159
160
162
163
32928
32931
32934
32936
32937
32938
169
173
175
176
177
179
181
182
183
32951
32955
190
32962
194
196
197
195
32967
200
202
203
204
205
206
207
208
211
212
213
32982
32981
32984
216
32986
219
215
32989
32990
223
221
225
226
32995
228
229
230
231
232
234
33003
235
236
33006
239
240
241
242
244
245
246
33015
248
251
253
254
33022
256
257
255
259
260
261
33029
263
262
33033
33034
267
268
269
33038
271
272
33041
274
275
33045
278
279
281
282
283
33052
288
289
290
293
33062
295
33065
298
299
301
33073
306
305
310
311
313
314
33082
321
323
33091
324
326
33095
33096
329
330
328
33101
33103
337
338
33107
339
344
347
33116
350
352
354
33122
356
357
359
33128
361
363
364
366
33134
368
33139
372
33144
33146
380
381
33152
385
386
387
384
397
33165
398
401
405
406
410
33181
415
417
33186
422
33190
424
428
33197
429
33198
33200
432
33204
438
441
33212
444
33214
448
449
455
457
459
33228
461
462
33231
463
33234
33235
466
468
471
474
475
476
33245
477
479
33248
481
486
487
488
33257
490
33258
493
495
500
505
506
510
513
515
517
523
524
33292
525
530
531
533
534
33304
538
540
542
543
546
33315
548
561
565
571
573
574
575
579
582
33353
588
593
594
597
33366
600
604
605
607
33378
611
614
615
617
33386
619
620
621
618
625
33394
627
33396
33393
633
636
33404
33406
33407
33408
638
642
646
33415
33424
657
33426
659
658
661
33429
33435
667
670
673
33442
33443
677
678
679
33447
685
686
687
33455
697
699
700
701
33472
705
710
717
718
33487
725
33494
33496
729
33498
33499
737
739
740
741
742
744
33512
748
754
33522
757
761
762
763
765
33535
769
33539
771
773
780
782
783
784
33552
786
33555
33554
787
791
795
33567
33568
801
802
33572
805
808
810
811
33583
821
33589
33591
828
33596
833
33602
33601
33610
842
846
847
849
33620
853
854
856
857
859
860
33631
863
865
868
869
33639
872
873
876
877
879
33648
885
33655
888
33656
33658
889
890
905
906
908
909
33677
910
914
918
33687
921
922
923
33693
927
33696
933
935
936
33705
33703
939
33708
941
33710
33709
945
947
948
33717
33718
33721
958
959
964
966
33739
33743
33744
33745
975
33747
981
33754
990
991
992
994
33763
995
997
999
1000
1001
33774
1009
33780
33782
33785
33788
1021
1023
1029
1030
33800
1032
1034
1033
33801
33805
1039
1043
33814
1050
33820
33821
1055
33824
1064
1065
1069
1070
33838
1073
1075
1076
1077
1079
33848
33849
1084
1086
1090
33863
1097
1099
33869
1104
33873
33874
1108
1109
1114
1115
33884
1120
1124
1129
1135
1136
33912
1144
1151
1157
33927
33928
1161
1164
33934
1168
33937
33939
1173
1176
1177
33944
1178
1180
1182
33952
33961
1193
1195
1197
1198
33969
1202
33977
1210
33979
1209
1215
1217
1219
33989
33990
1227
33996
1228
1233
34004
1236
34006
1242
1245
34013
1250
1253
34021
1255
1256
1258
1264
34033
1266
1269
1272
1282
1288
34056
1290
1295
1299
1301
1305
1306
1307
1313
34084
34085
1320
34089
1322
1323
34095
1329
1334
34102
34105
1339
1341
1342
1343
1346
34115
1351
1353
1356
1359
1365
1368
1370
1371
1372
1375
1379
34147
34150
1383
34153
34155
1394
1396
34165
1397
1402
34170
1403
34172
1406
1413
34184
1417
1423
34193
34203
34204
1438
1441
34210
1443
1445
34216
1451
1452
1459
1460
1461
1462
1467
1469
34239
1472
34241
1473
1475
1477
1481
1486
1488
1493
34263
1496
1498
1499
1500
34269
34270
1506
1508
1512
1514
1517
34285
34286
1522
1527
1528
1531
1532
1535
1536
1538
1539
1545
1553
34337
1571
34342
34343
34344
1577
1580
34351
1584
34354
1588
1589
34361
1594
1593
34371
1605
34374
1610
34382
1615
34384
34385
1622
1626
1627
1629
1630
34398
1632
1634
1635
34405
1637
1638
34407
1640
34410
1644
34413
34415
34420
1657
34427
34432
1668
34437
1671
1672
34443
34448
1683
1688
1690
34460
34465
1701
34478
1712
34480
34481
34485
1717
34487
1721
1722
1728
34498
1733
34502
34501
34505
34507
34508
1741
34510
1744
1747
34516
34520
1755
1756
1757
1758
1759
34524
1762
1766
1769
34545
1780
34550
1789
1790
1792
1794
1795
1796
34563
34564
1800
1802
1803
1804
34574
34575
34576
1809
1810
34586
1819
1825
1827
1829
34602
1837
1844
1846
1848
1851
34619
1855
1856
1857
34630
1864
34633
34635
34640
1873
34641
34644
1877
1879
1880
34648
1885
34657
34661
34663
34666
1899
1900
34669
1902
34668
34667
1906
34686
1925
1928
1929
34698
1931
34700
1935
1938
1942
1943
34712
34713
1949
1950
1951
1952
34717
1955
34727
1963
1968
1969
1970
34739
1975
34747
1985
1987
1988
1989
34758
34759
1991
34755
1997
1999
2003
34773
2007
2008
34777
2013
2016
34785
2017
2020
2026
34794
34798
34811
34812
2045
34817
2050
34819
2051
2053
2055
34827
2065
2070
34838
2072
2080
2082
2084
2085
2086
2087
2088
2089
34858
2093
2095
34865
2098
34866
2102
2105
34873
34875
34883
2116
2119
34887
2123
2126
2129
2130
2131
2132
2134
2138
34906
2139
34908
34913
34914
2149
34919
34920
2154
2156
2157
2158
34928
2167
2168
2171
34942
2181
34949
34951
34957
2192
2198
2199
2204
34973
34978
2212
34983
2216
2217
2220
2222
34992
2228
2230
2231
2232
2234
35005
2239
2242
35011
2245
2247
2249
2253
2254
35023
35026
2258
2260
2263
35031
2269
2270
2273
35049
2283
2284
2292
35063
2297
2299
2300
35074
2310
2311
2316
35087
35088
35090
2322
35093
35095
2329
35099
2331
2335
2340
2342
35116
35121
2354
2364
2366
35135
2368
2369
35138
2373
2375
35144
35145
35146
2379
35148
2378
2382
35149
35147
35156
2389
35166
2400
2401
2403
35174
2407
2413
35182
35184
2416
2420
2422
2424
2427
2430
35199
35200
2432
2435
2439
35220
2456
2457
2459
2460
35227
2462
2463
2465
2471
35250
2485
35256
2489
2490
35268
2501
35270
35273
2506
2507
2509
35279
2520
35288
2524
35293
2527
35299
2532
2533
2540
2542
2543
2544
2550
2553
2555
2558
2563
2564
35333
35335
2569
2574
2577
2579
2580
2581
35350
2582
35356
2591
35361
35362
35367
35370
2603
2602
2611
2617
2625
2626
2628
2630
2632
2635
2640
2645
2649
2650
2653
2654
2655
2664
2669
2670
35439
35441
2674
2677
2678
2679
2680
2681
2682
35457
2690
2694
2695
2696
35466
35468
2702
35471
2705
2707
2710
2712
2716
35487
2720
2721
35488
2723
35489
2724
2726
35496
2728
35500
2734
35508
2743
2744
35515
35518
35519
2750
2755
35524
2757
2770
2772
2773
35541
2778
35550
2782
35554
2787
2790
2793
2794
35566
35568
35578
2813
2814
2816
2821
35590
2823
2829
2832
35604
35605
2838
2839
35606
2841
2842
2845
2846
2847
2849
2850
2851
35621
2854
2855
2857
35626
2859
2861
2865
35633
2868
2871
35646
2882
2885
2892
2895
2899
2900
2902
2911
2914
2927
2933
35702
35703
35708
2943
35714
35716
2949
2950
35718
2959
35728
2961
2962
2968
2969
35738
2972
2976
35747
2980
2981
2982
35750
2984
2985
2979
2987
35756
2988
2990
35759
2991
35762
3000
3002
3006
3007
3009
3013
35786
35787
35790
35791
3023
35796
3031
35803
3036
3042
35814
35815
3048
3046
3050
35821
35824
3056
3065
3069
35842
35844
3077
35852
3087
3089
35858
35863
35864
35866
35876
3109
35877
35878
3114
3115
3121
35892
35895
3127
35902
3137
35907
3145
3146
3150
35919
3151
3153
3155
3157
35926
3159
35930
35935
3168
3169
35942
3175
35945
3181
3185
3186
3187
35956
35958
3194
3198
35969
3204
35977
3211
3214
3215
35982
3222
35993
3226
3228
3230
35999
36003
3235
36005
3239
36010
3246
36014
3252
36021
36025
3258
36031
3264
3266
3267
3269
36040
36041
36042
3276
3277
36047
3280
3281
3279
3284
36064
36065
36069
3302
36074
36075
3311
36084
3319
3320
36090
3327
3334
3335
36105
3340
3341
36114
3349
36122
3355
3359
3361
3364
3366
3369
36139
3379
3392
3395
36167
36171
36175
3407
36178
3418
36187
36190
36191
3429
3432
3435
36207
3440
36210
3443
3444
36216
3455
36225
3462
36236
36237
3473
36244
3479
3493
3500
36270
36272
36275
3508
3509
3512
3514
3518
3519
3526
36297
3530
36303
3538
3540
3544
36314
3549
3552
36333
36334
3568
3569
3571
36340
36341
3575
3579
3585
36359
36372
36373
3606
3605
3608
3610
36379
3613
36381
36391
3624
3623
3627
3628
3629
3631
3633
3640
36409
3641
3648
3651
36427
36429
3668
3674
36443
36448
36449
36454
3688
3690
36458
3693
36462
3694
36464
3697
3698
36466
3704
36474
3707
3712
3722
3723
36494
3729
3730
36505
36507
3741
3743
36515
3752
3760
3786
36556
3792
3793
3794
36564
3803
3810
36579
3814
3816
3824
3827
3834
3836
3838
3839
3844
36619
3855
3860
36631
3863
3865
3866
3872
3876
36653
36659
3891
36667
3899
3901
36670
3904
3906
3914
3915
3916
3917
36686
3923
3927
36700
36704
3937
3950
3951
3953
3955
3961
3964
3967
3968
3973
36742
3975
3976
3977
36746
3992
3994
3995
36764
3997
3998
4002
4007
4008
36778
4010
36780
36785
36786
4022
4023
36793
36794
36798
4031
36804
4040
36810
36811
4045
4047
4048
36820
4053
36825
36827
4063
36832
4065
4066
4070
36841
4075
36844
36845
36849
36850
4086
4087
4091
4092
4097
4100
4104
36872
4112
36881
36883
36887
4122
4123
36892
36893
36895
36896
36900
36903
36905
36906
4147
4149
4153
4155
4157
36939
36943
36948
4183
4184
4187
4189
4190
4193
4198
4199
4200
4202
36973
4206
4212
36980
4216
36986
4220
4226
4235
37004
4239
4240
4244
4249
37018
37019
4251
37023
4255
4260
4263
4270
37038
4279
4285
37055
4289
37058
4291
4292
4296
37064
4298
4301
4308
37077
4310
4309
37091
37092
4328
4331
4339
4342
37111
4344
4345
4343
4352
4353
4356
37137
4374
4375
37142
4378
37147
37148
37146
4381
37152
37161
4399
4401
4402
37172
4405
4406
4410
37188
4420
37192
4435
37204
4438
4440
37211
4445
37217
4450
4453
4456
4458
37228
4463
4464
4467
37235
4469
37243
4478
37249
4484
37252
4486
37255
4496
37267
4499
4501
37272
37278
37282
4517
4520
37298
4533
4538
37309
4543
37316
4549
4551
4553
4554
4555
4560
37333
4565
4567
37344
4577
37346
37347
37349
37355
4588
4591
37362
37366
37367
4600
4601
4606
4607
4610
4613
37382
37387
37393
4627
37396
4628
4634
37403
4636
4649
37419
37429
4663
4664
4670
37438
4678
4683
4684
37455
37457
4691
4692
4695
4696
37469
4703
4710
4714
4715
37483
4716
37489
4724
4730
4735
37504
4737
4736
4740
4742
4744
4748
4755
4758
37540
4779
37547
4781
37549
37551
4784
4780
37554
37557
37558
37561
4795
37563
4798
4803
37576
4808
37578
4812
37581
4814
37585
4817
4821
4822
4832
37601
37606
4839
4840
4843
4847
37615
4853
4854
37635
4874
37651
4885
4887
4892
4897
37666
4899
4901
4903
4904
4905
37682
4917
37689
4924
37694
37695
4932
37700
37701
4935
4945
4949
4950
4952
37721
37722
37724
4960
4972
4973
4975
37750
4990
4991
4992
37763
37765
5000
37769
5004
37775
5016
37784
5019
5021
5022
37794
5029
37798
37799
5032
5033
37806
5039
37808
5044
37826
5065
37833
37835
5068
5072
5073
5074
37847
37849
37850
5083
5086
5087
37854
37868
5108
5109
5110
5112
5113
37883
5116
37890
37893
37894
5128
5130
5131
5134
5136
5137
37909
5142
5144
5145
5150
5156
37926
37927
5159
37930
5170
5171
5176
37944
5179
37948
5182
5183
5184
37955
37956
37957
5192
5201
5202
5204
5206
5214
5224
5225
5231
38000
5232
38010
5247
38017
5254
5257
38025
5260
5262
5263
38032
5276
5278
5282
38052
38060
38068
5312
5313
5322
5326
38095
5329
5332
38109
5342
38111
5350
5357
5373
5378
38147
38146
5384
5386
5394
5395
38162
38167
5406
38177
5417
5419
38190
38191
38193
38194
5425
5434
5439
5440
5443
5451
38225
5457
38229
5467
5471
38239
38245
5478
5481
38251
38256
5489
5494
5497
38265
38267
5500
38279
5513
5521
5525
38294
5526
38303
5536
38306
38313
5557
5564
38337
5569
38342
38347
5580
38356
5589
5593
38363
38366
38369
5608
5609
38384
5616
38387
38389
5622
38396
5631
5641
38411
5652
38430
38442
38443
5676
5685
5686
38458
5691
38459
5693
38460
5690
5696
5701
5702
38476
38482
38483
38484
5719
5728
5730
5738
38509
38513
38515
38518
38519
38522
5764
5776
5779
5784
5785
38561
38563
38564
38566
5799
5800
5802
38572
5808
38576
38579
5813
38591
5823
38596
38597
5831
38600
5835
38604
5838
38608
5840
5846
5848
5849
5851
5853
5858
38627
5859
5863
5865
38637
38638
38639
5873
38641
5877
38647
5881
5883
5886
38654
5890
5895
38666
38667
5898
38676
38677
5910
5914
5917
5918
5921
5927
5940
5951
5952
38729
5963
38731
38734
38735
5971
5973
38743
5976
38745
5982
5984
38753
5985
38755
5989
5998
5999
6008
38778
38779
6014
6023
6024
6030
6031
6043
6048
38818
6053
38821
6056
6064
6069
6070
6072
6077
6080
38851
38854
6089
38857
38861
38864
38866
6103
6105
38873
38875
6110
38880
6116
6119
38890
6124
6132
6140
38909
6143
38912
6147
38922
6154
6157
6158
6160
6161
6162
6166
6167
6168
6170
38939
6176
6177
6180
38958
6195
6197
6199
38968
38969
38971
6203
38975
6210
38980
6214
6221
6228
6231
39001
6234
6238
6242
39010
39012
39018
6254
6256
6257
6258
39028
6269
6270
39040
6273
39041
6277
39048
39049
6281
6285
6287
6292
6295
6297
6302
6306
6307
39078
39083
39084
39088
6325
6327
6336
6343
6344
39117
6350
39118
6355
39126
6360
39132
6369
6378
6379
6393
6398
6402
6403
6406
6408
39183
39185
6421
6430
39200
39202
39203
6439
6440
6445
39215
6451
6453
39225
6457
6459
6460
39231
6473
6474
39245
39246
6480
6484
6486
6490
6492
39264
39267
6500
6504
39278
39281
6514
39284
39285
6528
6529
6555
6556
6563
6564
6565
39339
39341
6573
6576
39348
39349
6587
6588
6589
6590
6595
39366
6601
39370
6602
6607
6608
39379
39383
39384
6618
6620
39399
6641
6642
6645
6647
39422
6661
6662
6663
6664
39433
6667
39438
39441
6673
39443
6675
6677
6683
39454
39455
6691
39460
6701
6702
6707
6711
6715
39486
6718
6720
39490
6723
39494
39495
6726
39503
6744
6755
6756
39528
6761
39532
6764
6769
6770
39539
6784
6785
39554
6787
6793
6794
39565
6797
39573
39580
39583
39584
39597
39602
6837
6839
39614
39622
39625
39628
39631
6866
39636
6873
39643
6878
39649
6882
39651
6884
6886
39654
39668
39670
39672
6906
6909
6910
39689
6921
6928
39701
39705
39706
6943
6948
39717
6950
6954
39725
6962
39734
6967
6976
6978
6979
6985
39754
39757
39758
6991
6992
6999
7017
7018
7019
7021
7023
39792
39791
7031
7034
39802
7040
7041
7043
39816
7048
7053
7057
7058
7059
7063
7066
39836
39837
7071
39841
39851
7085
7098
39867
39871
7105
39877
39882
7115
39884
7116
7118
39890
7125
39896
7132
7138
39910
7146
7152
7154
7156
39925
7159
7160
7163
7165
7168
39938
7189
39964
7198
39966
39974
7210
7212
39984
7218
7223
7228
7237
7240
7241
7244
40012
40020
7254
40023
7257
7264
40033
7266
40041
40043
40047
7280
40049
40050
40048
40052
40058
7292
40062
7297
7306
40078
40081
7316
40087
7319
7321
7323
7335
40103
7340
7347
7349
7350
40119
7353
40121
7355
7360
40129
7363
7368
7371
7374
7375
40147
7381
40160
40162
40166
40167
7399
40169
7402
7403
40170
40173
7398
7407
40177
40180
40181
40182
7416
7418
7428
40200
7433
7434
40203
40205
40207
40211
7443
7445
7452
7456
7457
7462
7464
7469
40243
40245
7480
7495
40265
40275
7516
7529
7530
7533
40302
40301
7540
7554
40326
7560
7564
7565
40339
7576
7578
7579
7580
7587
40364
40367
40374
7606
7610
40383
7618
7626
40397
7630
7631
40403
7635
7638
40408
7642
40412
40418
40422
7654
7658
40434
7670
7676
40445
40446
7678
7677
7684
40452
40454
7690
40463
7697
7699
7708
7709
7710
40481
7719
40490
7724
7725
7731
40501
7735
40504
40506
7742
40510
7743
7745
40513
40520
7753
40524
7758
40531
7764
7767
7769
7775
40548
40550
7782
7785
7790
40566
40568
40574
7808
40578
40579
40581
7814
40584
40586
40587
7828
7833
40602
7841
40609
7843
7844
7850
7852
40623
7856
7865
40639
40641
40645
7878
7877
40653
7885
40657
40661
7904
40672
40680
7913
7915
40684
7917
7921
7923
7932
7933
7934
40700
7936
7938
40710
7944
40712
40713
7954
7956
7958
40727
7962
7967
7968
7970
40742
7974
40743
7977
7988
40763
40771
40773
40776
8009
40778
8014
8016
8018
40788
40791
40805
8038
40808
40814
40817
40818
8052
8054
8055
8056
40827
40828
8061
8067
8078
8082
40853
40855
8091
40860
40866
40869
8104
8109
8111
8113
40882
40902
8134
40904
40907
8141
8149
8151
40920
40926
8164
8170
8179
8180
8181
8191
40960
8196
40968
40974
8212
8218
8222
8223
40992
8235
8237
41010
8244
8249
41017
8259
8263
41033
8265
8267
8268
8269
8273
41044
8277
41045
41050
8284
8285
8292
8304
41074
8309
8312
41081
8315
41088
41098
41104
41106
41107
8339
8346
8347
8349
8354
8355
8358
41128
8363
8364
41133
8366
8372
8375
8385
8386
8395
8396
8401
41177
8413
8414
8418
8419
8422
8423
8431
8439
8440
41210
8444
8446
8450
8453
41227
8462
8463
8470
8475
41251
41254
8490
41271
41274
8507
8512
8513
41280
41283
8516
41286
41288
8527
8538
8541
8544
41313
8546
8551
41320
8556
8559
8560
41330
8562
41334
8578
8581
8584
41353
41357
8590
8593
8597
8600
8601
8605
8615
8617
8618
8620
41389
8628
8629
8631
8634
8635
8636
8637
41406
41405
41403
41404
8642
8643
8645
8649
41425
8658
8661
8685
8694
41465
8698
8709
41486
8724
41493
41494
8726
8728
8731
41503
8737
41506
8738
8741
41511
8745
41514
8746
8750
41523
41528
8762
8766
8770
8772
41541
8777
41546
8780
41552
8792
41561
8793
8795
8805
8818
41588
41589
8831
8838
8840
41618
8861
41629
41634
41654
41658
8908
41681
8913
41683
8916
41687
8921
8930
41700
8935
41703
41710
8943
8953
41722
8964
41738
8973
41741
41742
41744
41755
8988
8987
8992
9001
41776
41778
41780
41788
9030
41799
9037
9041
9046
9047
9049
41820
9055
9057
9061
9063
9066
9069
9071
41842
41843
41844
9077
41848
9084
9091
9094
9099
41868
9105
41890
41900
9142
9144
41916
41918
41919
9152
9161
41936
41938
9178
9179
9187
41959
9198
41971
41974
9208
9214
9222
9227
41995
9232
9233
9234
42009
42011
9247
42017
9250
9256
9259
9267
9270
9271
42043
9281
9282
9283
9297
9308
9315
9316
9320
9322
9324
9325
9327
9330
9334
9336
9346
42115
9361
9364
42140
9374
42142
42146
9378
9388
42157
9389
42160
9393
9399
9400
9401
9404
9410
9412
9415
9416
42184
9417
9420
42203
42205
9442
9444
42217
9450
9451
9449
42223
9458
9460
9461
42241
9473
42250
9488
9506
9512
9515
42290
9525
42302
42303
9538
42314
42316
9551
9553
42323
42327
42330
9574
9578
42353
42354
9591
42360
42364
9600
42370
9607
42381
42386
9620
9622
42395
42396
9630
42402
9635
42408
9655
42425
9659
9663
9666
9669
42437
9684
9689
42462
9695
9699
42468
9709
9712
42489
9725
42494
42498
42500
9733
9734
42501
42507
9743
42515
9753
9756
9761
9762
9769
9773
9776
9785
42556
42563
9796
9798
9800
9801
9802
42577
9810
42579
42584
42586
9819
9818
9828
42597
9830
42599
9834
42602
42607
9843
9854
9856
9862
9863
9869
9871
42639
9875
9877
9879
42653
9893
42665
9903
42671
9904
9906
42679
9917
42691
42697
42702
42706
9942
9946
9951
9968
42741
42742
9976
9977
42746
42748
42751
42752
9985
9988
42758
9997
10001
10003
10008
42776
10025
10030
42800
42803
10044
42819
42824
10064
42835
10069
42841
10074
10079
10080
10082
42850
42860
42866
10111
10115
10118
10120
10121
42890
10126
10129
10132
42902
10137
10140
10142
10146
10147
42922
42924
10159
10161
10162
10166
10169
10170
10174
10177
10178
10180
42949
42948
10189
42958
10191
10195
10199
42968
42973
10208
10209
42978
42984
42990
10222
10223
42999
10244
10246
43023
10259
43029
10262
10272
10275
43046
10280
43053
43063
10295
10301
10312
43081
10314
10325
43094
10329
10330
10334
43102
10338
10339
10342
10344
43116
10348
43119
10356
10358
10363
43132
10364
10365
43142
43143
43149
10382
10383
10390
43162
43177
10417
43186
43187
43191
43198
10431
10437
10439
43210
43212
43217
10452
43225
10457
43229
10462
43236
43239
10481
10483
43255
10495
10498
43267
10502
10504
10505
43273
10508
43276
10510
43279
10511
10513
10512
10516
10523
10525
10536
10538
43310
43313
10547
10556
10557
10563
43337
43341
43343
43348
10583
43359
43361
10597
10599
43370
10610
10618
10619
43388
43389
43392
10627
43396
10628
43395
10635
10640
43415
10653
10658
10663
10667
10668
10675
10676
43446
43450
10686
43456
10691
43464
10697
10699
43468
10707
43478
10711
43483
10715
10723
43492
10727
10728
10733
10734
43505
10744
10745
10749
10750
10753
10757
10758
10759
10770
43539
10773
10789
10798
10799
10800
10801
10806
10811
43593
10845
10848
10852
10854
43624
10857
43626
10859
10861
43635
10868
10882
43651
43653
43664
43667
10903
10904
43681
10922
10932
10934
43706
10940
43709
10944
10952
43725
43731
10964
10963
43736
43738
43740
10973
10975
10981
10985
10986
43755
10995
10999
11004
11010
11012
11017
43787
11030
11036
11038
11039
43818
11051
43823
11058
43828
11066
11071
43845
43846
11079
11086
43862
11098
43872
43877
11110
43881
43889
43893
11128
11129
11130
11131
11138
11152
11159
11164
11166
43947
11179
43956
11190
43959
43962
43964
11213
11216
11217
43984
11221
11222
11226
43994
11240
11251
44021
11256
11257
11261
11264
44033
11269
44041
44043
44044
11278
44048
44049
11287
11290
11293
44061
11298
11304
44078
44079
11313
11314
11316
44104
11339
11347
11355
44124
44127
11360
44128
11363
44131
11368
11370
44141
11374
44144
11377
11380
11382
11383
11385
44154
11390
11393
11398
44169
11402
11405
11411
44182
11415
11416
11418
44188
44196
11434
44203
44206
44214
44223
44228
44231
11465
11479
11483
44256
44261
11497
11499
11514
11521
11522
11527
11529
44311
44317
11556
11564
11566
11569
11570
11577
11584
44354
44364
11599
11600
44373
44381
11616
11640
44411
11653
11658
44427
11659
44434
11671
11676
44446
44459
11693
11695
11696
44468
44469
11708
44477
44480
11716
11718
11723
11726
44495
11728
44497
11734
11743
44519
44527
11762
44542
44543
11775
44545
11781
11783
11788
11789
11797
11798
11801
11802
44573
11806
11807
44575
44576
11809
44581
44592
11829
11835
44604
44605
44606
11843
11845
44617
11856
11857
44627
11866
11874
11875
44656
44666
11901
11902
11914
11918
44687
11923
44694
11926
11928
11930
44702
44708
11956
44729
11962
11964
11967
11978
11979
11989
11990
11992
11993
44768
12001
44769
44771
12005
12007
44785
44789
12021
12025
12028
12030
12035
44804
12038
44809
12042
12043
44817
44819
12055
12058
12065
12073
44843
12086
12094
12101
12103
12106
44876
12115
44901
12137
12138
12144
44915
12148
12150
12158
12162
44941
44944
44946
12179
44950
44951
44952
12193
12198
12203
12210
44978
44983
12224
12225
12226
12228
44997
12231
45003
12241
45010
12246
12254
12259
45038
12280
12286
45059
12296
12298
45067
12300
12304
12310
12320
45089
45093
12325
12327
45098
45103
12338
12340
12349
12350
12352
12353
12358
45130
12365
12367
45135
45137
45138
12371
45141
12378
12382
45152
45155
12392
12397
45169
12402
12405
45175
12411
45179
12414
12420
12425
12427
12431
12443
12445
12454
12455
12461
12463
12465
45235
12474
45245
45250
45271
12506
12509
12515
12517
12532
12536
12545
12548
12549
12560
12561
12562
45331
45329
12575
12578
12583
45354
45355
12590
12592
12594
12597
45368
45373
45374
12607
45386
12622
12623
12624
12628
12637
12646
12648
45418
12661
12664
45436
12669
45440
12677
12685
12690
12692
45461
45463
45471
12703
12704
45492
12740
12742
12745
45514
12746
12754
12757
12760
12766
12768
12771
12775
45546
12792
45564
12802
12807
12808
12810
12816
12820
12832
12833
12836
45607
45611
12847
45631
12864
12867
45647
12882
45651
12889
12891
45668
12903
12905
45699
12947
12949
12950
12955
45723
12956
12959
12960
45728
12963
45733
12967
45738
12974
45743
12976
45742
12986
12998
13000
13003
13005
13010
13011
45779
13014
13016
13032
13043
13051
13052
13057
13058
45827
13059
13074
13078
13080
13084
13089
13096
13100
13105
13106
45875
13109
13110
13113
13116
45889
13138
13139
13146
45920
13157
13177
45949
13185
13188
13195
13200
13206
13207
45977
13213
45983
45984
13223
45992
13225
13228
13229
13235
13237
13240
13242
13247
13250
13254
46024
46025
13268
46045
46046
13283
46052
13286
46062
13295
46067
13300
13301
13306
13310
46081
13315
46083
13317
46085
13319
46093
46112
13350
13351
13358
13363
13367
46149
13383
13394
13403
13405
46185
13418
46188
13422
13430
13441
13446
13447
13453
13455
46236
13473
46241
46255
13488
46257
13492
13493
13500
46272
13508
13510
13514
13515
13527
13533
13539
13541
13542
13543
46318
13552
13554
46324
13557
13561
13567
13568
13569
13573
46355
13594
13595
46363
46379
13615
13617
13618
13629
13637
13639
13641
13643
13646
46427
46438
13670
13673
13677
13689
46459
13712
13721
13724
46494
13728
13732
13735
46504
46511
13744
13746
13747
13760
13761
13762
13765
13767
46543
46545
46549
46553
13802
46574
13819
46588
13825
46593
46598
46601
46604
13842
13849
13851
13856
13860
13861
13863
13865
13867
13868
13888
46659
13898
13904
46674
13907
13917
13940
13960
13961
46732
46734
46744
46745
13978
46749
13984
13987
13991
46761
46768
14011
14014
14022
46794
14035
14039
14058
14061
14065
14081
14083
14084
14087
46871
14115
46884
14117
46887
14123
14125
14128
14131
14133
14137
14144
14145
46915
14151
14160
46931
14164
46933
46932
14175
14178
14180
46953
14186
46958
14195
14202
46972
14207
46978
14210
14215
14217
46987
14222
14223
14227
14233
14234
14237
14240
14242
14248
14256
47025
14263
47037
14283
47058
14299
14302
47072
14307
14310
14317
14323
14326
14328
47101
47115
14351
14353
47127
14364
14377
14383
14384
14385
14413
14414
14418
47187
14421
14425
47199
14434
14438
47207
14441
14445
47219
14455
14462
14463
47232
14466
47239
14471
47246
14480
47250
14500
14507
47275
47293
14531
47302
14541
47312
14546
14548
14573
47349
14587
14598
47368
14602
14612
14623
14628
14631
14632
14648
14652
14656
14657
14661
47430
14671
47462
47465
14706
14709
47481
47484
14719
14726
14730
47498
14732
14736
47515
14748
47519
14752
47523
14783
14804
14816
14817
47593
47600
14848
14861
14863
14874
14876
14878
14880
14883
14899
14900
47668
14902
14913
14914
47685
47697
14935
14954
14957
14958
14960
14963
14975
14982
14992
47772
15011
15016
15046
47814
47819
15052
15056
47827
15062
15063
15067
15073
47849
47857
15095
15107
15110
15114
15124
15132
47900
47908
15147
15155
15159
15160
15163
15166
15168
47937
15175
15182
15183
15189
15192
15194
15196
47966
15203
47976
15213
15214
15220
47993
48000
15234
15237
48008
15241
15243
15244
48013
15253
48025
48028
48051
48059
15295
48067
15302
15304
15305
48075
15310
15311
15313
15315
15324
15329
15332
48106
15339
48118
15352
15353
15357
15362
15365
15368
15373
48147
15381
15383
15391
15392
48162
48163
48166
15408
15410
15411
15418
15425
15428
15431
15432
48202
15441
15455
48224
15459
15461
48236
48237
15470
48240
15475
15476
15480
15481
15483
15492
15503
48274
15506
15509
15512
15514
15518
15519
15525
48294
15532
15538
15544
48313
15546
48315
15551
15554
15557
15566
15567
15583
15587
15589
15593
15605
15608
15616
15617
15646
15647
15650
15651
15652
15655
15664
15668
15679
15698
15699
15718
15725
15727
48503
15744
48517
15760
15761
15764
15790
15800
15810
15813
15828
15833
15835
15863
15865
15867
15868
15869
15871
48641
15877
15894
48667
15912
48688
15923
15935
15939
15940
15943
15947
15950
15955
15956
15957
15963
48738
15978
15979
15980
48758
15995
15999
16003
48772
16006
16007
16018
16019
16022
16025
16028
16031
48812
16045
16044
16057
16060
48830
16062
16067
16069
16082
16089
16091
16095
48869
16101
16106
16108
48878
16110
16117
48886
16120
16136
48905
16139
16141
48911
16150
16156
16159
48927
16163
16164
16170
16175
16176
16177
16187
16188
16189
16192
16203
16208
48986
16219
16228
16230
16235
16244
16250
16253
16260
16261
49039
16275
16281
16283
49055
16299
16300
16301
16314
16318
16320
49100
16333
16336
16337
16339
16369
16382
16391
16396
16402
16414
16415
16424
16426
16429
16431
16435
49203
16437
16458
16467
16468
16472
16476
16480
16483
16487
16490
16497
16501
49278
16511
49290
16529
16531
16534
16535
49313
16546
16549
16553
16554
16555
16557
16561
16571
49348
16587
16599
16609
16611
16616
16620
49392
16628
16632
16634
16637
16642
16650
16655
16658
16678
16679
16695
16699
16709
49478
16713
16722
16735
16742
16746
16748
16762
16769
16771
16775
16776
16787
16796
16801
49571
16805
16806
16812
16823
16826
16829
16836
16838
16851
16855
16861
16864
16878
16880
16881
49653
16885
16887
16890
16894
16905
16918
16919
49695
16933
16953
16954
16956
16959
16963
16977
16979
16990
16996
17022
17026
17028
17031
17035
17037
17038
17048
17050
17052
17061
17062
17069
17071
17081
17082
17092
17099
17105
17107
17109
17118
17130
17138
17153
17163
17195
17211
17219
17237
17258
17274
17275
17276
17286
17287
17291
17292
17299
17303
17304
17309
17322
17328
17333
17336
17376
17380
17391
17395
17401
17414
17420
17437
17444
17447
17451
17453
17459
17485
17486
17487
17497
17512
17520
17527
17528
17532
17534
17543
17545
17553
17559
17561
17574
17584
17589
17601
17605
17606
17610
17617
17618
17627
17629
17632
17641
17656
17666
17675
17676
17680
17693
17695
17699
17702
17712
17721
17724
17738
17744
17745
17749
17755
17756
17758
17766
17785
17802
17805
17808
17810
17811
17824
17825
17830
17835
17843
17846
17851
17853
17864
17866
17867
17881
17886
17888
17897
17906
17915
17929
17948
17950
17952
17968
17976
17984
17985
17987
17988
17995
18006
18013
18022
18025
18028
18033
18038
18049
18062
18070
18074
18088
18096
18100
18105
18108
18110
18116
18121
18134
18161
18162
18169
18173
18174
18186
18197
18213
18224
18225
18229
18234
18237
18252
18257
18260
18262
18264
18265
18281
18288
18300
18305
18316
18317
18318
18359
18369
18388
18389
18401
18406
18408
18418
18422
18432
18438
18443
18444
18447
18452
18460
18462
18470
18478
18519
18522
18527
18528
18529
18533
18544
18546
18549
18552
18555
18560
18564
18566
18570
18583
18586
18588
18602
18605
18608
18615
18618
18631
18639
18645
18651
18659
18672
18677
18686
18689
18690
18693
18696
18717
18718
18720
18723
18742
18744
18758
18763
18768
18769
18777
18790
18793
18808
18809
18813
18815
18818
18822
18823
18828
18837
18839
18842
18848
18856
18857
18880
18882
18884
18898
18910
18911
18938
18948
18957
18962
18994
19005
19017
19018
19023
19024
19027
19031
19033
19034
19046
19047
19048
19049
19053
19059
19065
19066
19068
19071
19074
19083
19085
19098
19103
19106
19117
19124
19131
19145
19151
19152
19166
19167
19178
19183
19187
19191
19198
19204
19208
19210
19216
19220
19221
19222
19223
19231
19235
19239
19242
19243
19255
19256
19264
19266
19267
19274
19279
19299
19300
19306
19318
19329
19334
19336
19341
19344
19349
19357
19363
19379
19382
19384
19389
19397
19401
19407
19419
19423
19427
19433
19434
19439
19459
19465
19474
19477
19479
19501
19510
19513
19518
19519
19535
19539
19567
19574
19585
19591
19598
19601
19624
19626
19629
19631
19634
19637
19638
19653
19655
19656
19660
19665
19688
19692
19705
19715
19717
19720
19745
19759
19765
19770
19774
19777
19781
19784
19786
19791
19792
19813
19820
19828
19835
19838
19846
19856
19858
19869
19870
19887
19893
19895
19900
19901
19913
19914
19915
19928
19940
19946
19951
19958
19961
19973
19985
19987
20004
20017
20022
20023
20030
20034
20037
20044
20059
20061
20068
20069
20080
20085
20087
20091
20096
20098
20100
20105
20120
20121
20125
20134
20135
20136
20137
20142
20146
20153
20161
20175
20178
20184
20187
20202
20212
20219
20222
20228
20235
20242
20247
20260
20265
20278
20285
20299
20310
20338
20345
20356
20365
20377
20403
20407
20411
20416
20425
20428
20430
20439
20443
20445
20455
20462
20464
20473
20476
20497
20505
20507
20508
20509
20519
20522
20526
20540
20552
20572
20587
20599
20627
20628
20635
20645
20656
20662
20666
20687
20705
20707
20718
20725
20726
20727
20731
20734
20737
20755
20759
20764
20768
20775
20777
20784
20802
20807
20816
20817
20829
20853
20870
20885
20898
20902
20910
20936
20947
20956
20962
20982
20991
20995
21001
21009
21016
21020
21030
21034
21040
21051
21067
21075
21082
21096
21099
21103
21111
21113
21120
21121
21126
21128
21130
21136
21153
21177
21199
21219
21223
21231
21233
21236
21245
21250
21269
21272
21275
21293
21297
21306
21317
21319
21322
21323
21337
21339
21340
21343
21382
21385
21392
21409
21420
21421
21422
21434
21450
21453
21460
21464
21471
21473
21476
21484
21490
21493
21500
21504
21507
21508
21516
21517
21519
21531
21541
21547
21557
21559
21560
21563
21567
21573
21584
21618
21623
21637
21646
21662
21680
21691
21692
21697
21698
21700
21711
21734
21735
21747
21772
21783
21786
21789
21797
21798
21808
21820
21821
21822
21825
21832
21833
21843
21844
21847
21851
21852
21853
21863
21869
21881
21905
21921
21922
21926
21927
21934
21942
21943
21949
21950
21951
21954
21962
21967
21969
21980
21985
21987
21991
21993
22010
22018
22025
22027
22032
22033
22037
22042
22043
22051
22056
22057
22067
22069
22075
22088
22089
22092
22093
22101
22102
22111
22129
22130
22135
22160
22173
22191
22201
22206
22209
22211
22212
22213
22222
22228
22229
22234
22240
22249
22251
22259
22265
22268
22282
22285
22292
22303
22310
22315
22326
22337
22339
22344
22349
22354
22371
22376
22377
22379
22383
22406
22414
22415
22416
22417
22431
22435
22438
22442
22445
22460
22461
22484
22486
22518
22521
22534
22550
22563
22567
22582
22583
22587
22602
22605
22613
22623
22624
22625
22632
22641
22650
22652
22660
22666
22668
22677
22706
22710
22716
22724
22725
22730
22738
22749
22752
22754
22758
22761
22771
22776
22789
22830
22833
22836
22837
22855
22866
22869
22870
22885
22892
22901
22908
22913
22914
22915
22925
22929
22930
22937
22938
22944
22946
22947
22948
22962
22970
22981
23004
23017
23022
23050
23077
23092
23104
23107
23110
23134
23141
23146
23153
23157
23163
23170
23192
23193
23195
23200
23203
23205
23213
23218
23229
23233
23244
23266
23275
23276
23282
23283
23292
23303
23306
23312
23314
23317
23318
23330
23333
23337
23350
23360
23372
23382
23390
23397
23401
23406
23408
23412
23415
23421
23427
23438
23444
23446
23449
23455
23457
23471
23486
23489
23501
23504
23505
23514
23517
23520
23526
23530
23531
23532
23546
23547
23554
23581
23584
23585
23597
23599
23609
23616
23618
23624
23627
23630
23636
23656
23657
23660
23663
23667
23675
23680
23692
23693
23700
23705
23708
23721
23732
23744
23783
23785
23787
23789
23795
23799
23802
23822
23824
23837
23842
23846
23850
23872
23883
23889
23897
23908
23922
23934
23958
23960
23964
23975
23983
23990
24002
24003
24009
24014
24022
24037
24045
24060
24071
24075
24085
24087
24106
24109
24115
24145
24146
24153
24179
24204
24206
24208
24210
24213
24217
24219
24231
24234
24235
24245
24251
24255
24275
24278
24283
24285
24287
24299
24300
24303
24324
24331
24341
24342
24343
24344
24358
24363
24371
24376
24381
24382
24390
24400
24409
24411
24413
24414
24417
24418
24422
24432
24454
24456
24460
24477
24479
24481
24483
24489
24502
24506
24517
24533
24552
24571
24573
24577
24582
24586
24590
24601
24625
24638
24644
24645
24648
24654
24656
24657
24660
24666
24668
24670
24682
24690
24708
24714
24719
24733
24740
24762
24763
24778
24796
24815
24821
24823
24832
24836
24861
24873
24891
24895
24897
24901
24905
24908
24909
24929
24932
24935
24941
24945
24946
24954
24963
24966
24974
24988
25013
25014
25015
25023
25031
25042
25057
25066
25070
25075
25097
25100
25101
25110
25113
25115
25120
25156
25163
25169
25170
25174
25175
25178
25185
25189
25194
25196
25210
25213
25216
25231
25232
25234
25247
25257
25264
25266
25267
25270
25276
25283
25292
25295
25321
25342
25350
25373
25376
25387
25389
25398
25409
25413
25415
25416
25425
25430
25432
25435
25437
25442
25470
25477
25481
25487
25492
25507
25509
25513
25514
25520
25522
25523
25528
25529
25530
25532
25542
25553
25555
25562
25564
25584
25591
25597
25598
25604
25606
25609
25611
25638
25654
25665
25667
25672
25674
25686
25693
25696
25698
25707
25713
25717
25726
25727
25744
25765
25777
25781
25785
25794
25805
25808
25822
25824
25827
25831
25832
25836
25841
25859
25863
25866
25868
25871
25876
25883
25891
25896
25906
25911
25922
25931
25954
25960
25961
25969
25973
25986
25988
25995
26002
26003
26013
26016
26020
26027
26030
26041
26045
26049
26077
26079
26081
26086
26092
26097
26104
26126
26130
26139
26154
26172
26192
26194
26195
26199
26202
26209
26213
26215
26216
26223
26229
26235
26245
26248
26251
26252
26253
26256
26261
26262
26280
26284
26298
26301
26303
26308
26314
26316
26328
26354
26365
26370
26375
26381
26388
26393
26395
26396
26401
26409
26414
26417
26420
26423
26428
26435
26440
26459
26461
26464
26468
26486
26489
26492
26495
26505
26506
26555
26556
26570
26575
26582
26583
26587
26600
26601
26606
26611
26612
26624
26636
26644
26645
26654
26660
26662
26664
26665
26669
26673
26678
26679
26691
26694
26715
26722
26749
26760
26769
26777
26782
26794
26797
26809
26813
26829
26830
26834
26841
26842
26845
26848
26850
26865
26895
26899
26908
26911
26916
26917
26939
26954
26960
26970
26974
26981
26992
27006
27022
27034
27038
27064
27066
27071
27076
27083
27099
27107
27111
27124
27125
27157
27174
27177
27180
27184
27193
27197
27205
27206
27215
27220
27228
27240
27243
27252
27270
27273
27274
27281
27288
27293
27297
27301
27306
27308
27325
27330
27331
27333
27334
27337
27340
27346
27352
27366
27373
27387
27389
27395
27396
27403
27406
27422
27423
27431
27432
27442
27444
27453
27456
27462
27466
27470
27477
27478
27484
27488
27493
27495
27497
27502
27513
27527
27551
27555
27566
27570
27571
27575
27578
27599
27600
27628
27635
27636
27658
27666
27668
27670
27676
27682
27686
27707
27716
27726
27727
27735
27750
27766
27770
27774
27779
27782
27785
27787
27791
27801
27810
27813
27820
27821
27829
27833
27838
27839
27840
27844
27846
27849
27857
27864
27872
27874
27875
27877
27881
27882
27891
27892
27905
27906
27909
27914
27916
27921
27922
27924
27935
27936
27942
27944
27946
27948
27961
27973
27978
28004
28007
28008
28009
28021
28101
28102
28105
28118
28133
28136
28144
28152
28155
28156
28161
28166
28169
28173
28176
28178
28184
28191
28192
28198
28204
28207
28224
28225
28227
28232
28241
28242
28244
28250
28269
28285
28295
28297
28306
28310
28312
28319
28327
28330
28332
28339
28348
28349
28353
28363
28368
28369
28375
28378
28383
28401
28402
28410
28415
28418
28431
28432
28445
28447
28454
28455
28462
28479
28485
28505
28510
28527
28528
28537
28549
28554
28575
28582
28583
28587
28590
28596
28598
28602
28616
28623
28636
28651
28655
28661
28667
28674
28679
28685
28686
28689
28691
28696
28700
28701
28710
28728
28733
28745
28752
28760
28766
28770
28772
28780
28792
28806
28810
28836
28846
28857
28869
28870
28880
28901
28906
28924
28939
28940
28953
28961
28963
28968
28969
28971
28999
29032
29036
29042
29059
29066
29067
29068
29069
29071
29090
29093
29100
29106
29107
29118
29125
29126
29145
29160
29179
29180
29181
29200
29205
29210
29216
29223
29225
29230
29244
29247
29264
29279
29282
29288
29295
29307
29319
29327
29338
29340
29348
29357
29363
29367
29398
29399
29401
29410
29412
29418
29435
29458
29475
29477
29491
29508
29512
29520
29521
29525
29526
29529
29530
29535
29536
29538
29545
29555
29557
29569
29571
29573
29577
29582
29590
29593
29596
29598
29609
29611
29620
29633
29641
29649
29651
29661
29664
29671
29673
29683
29688
29697
29704
29707
29724
29739
29749
29751
29752
29753
29768
29771
29772
29778
29779
29783
29785
29788
29793
29804
29807
29812
29817
29822
29824
29835
29836
29852
29888
29890
29909
29929
29932
29947
29958
29963
29977
29979
29993
29995
30030
30036
30041
30047
30048
30059
30063
30082
30091
30124
30159
30164
30172
30178
30180
30185
30186
30191
30192
30193
30201
30203
30208
30212
30213
30214
30218
30220
30223
30225
30231
30248
30256
30261
30266
30272
30282
30289
30299
30301
30302
30315
30321
30322
30324
30327
30328
30338
30344
30345
30363
30365
30367
30368
30372
30379
30382
30403
30406
30416
30423
30435
30451
30453
30458
30461
30478
30484
30508
30512
30517
30519
30523
30556
30558
30560
30563
30567
30603
30604
30608
30624
30640
30657
30677
30684
30685
30688
30698
30704
30710
30712
30715
30719
30721
30727
30740
30743
30754
30766
30770
30780
30783
30788
30795
30808
30815
30821
30841
30847
30854
30861
30864
30865
30878
30882
30883
30884
30889
30896
30909
30923
30924
30933
30934
30942
30943
30952
30963
30967
30971
30980
30986
31005
31006
31014
31018
31021
31026
31029
31032
31040
31041
31045
31047
31049
31055
31063
31065
31083
31086
31091
31097
31110
31133
31150
31165
31180
31182
31183
31204
31206
31208
31214
31215
31220
31224
31231
31232
31233
31235
31236
31237
31249
31254
31257
31258
31278
31287
31294
31298
31303
31306
31312
31317
31320
31321
31328
31337
31338
31343
31351
31356
31367
31373
31377
31378
31379
31391
31405
31410
31411
31429
31430
31433
31434
31440
31441
31446
31451
31452
31464
31482
31495
31499
31501
31510
31512
31514
31515
31532
31535
31536
31537
31542
31550
31552
31554
31559
31567
31574
31593
31597
31603
31606
31621
31628
31630
31643
31645
31653
31657
31659
31665
31667
31678
31679
31681
31691
31699
31704
31715
31727
31742
31751
31752
31754
31758
31759
31770
31776
31779
31790
31813
31829
31860
31879
31887
31899
31910
31914
31928
31930
31935
31937
31942
31965
31969
31974
31977
31982
31983
32002
32005
32016
32019
32020
32025
32028
32047
32051
32064
32067
32068
32076
32085
32090
32092
32095
32101
32107
32110
32118
32120
32123
32129
32149
32156
32165
32168
32177
32187
32191
32195
32196
32199
32208
32211
32213
32227
32234
32248
32257
32263
32264
32276
32283
32287
32289
32296
32297
32299
32304
32313
32316
32324
32333
32337
32345
32347
32351
32352
32356
32359
32364
32366
32374
32375
32388
32402
32415
32417
32430
32433
32445
32446
32447
32452
32458
32459
32476
32477
32481
32499
32508
32522
32523
32535
32540
32541
32547
32551
32578
32580
32588
32591
32593
32594
32595
32599
32601
32614
32625
32627
32628
32632
32633
32654
32655
32659
32661
32664
32678
32680
32683
32695
32698
32713
32714
32726
32730
32734
32738
32740
32747
32749
32758
32759
32761
32764
32767
